id,name,email,address,date_joined
1,Melinda Shaw,jerry40@example.org,"2496 Jeffrey Ford Angelaburgh, AL 04934",2022-11-26
2,Jonathan Braun,jameshayes@example.net,"52871 Mario Village Apt. 131 Trujilloville, KY 17049",2023-03-25
3,Anna Yang,jessicamahoney@example.net,"866 Mary Manors Apt. 594 Andreafurt, SC 05927",2024-05-23
4,Timothy Herring,jonessonya@example.org,"6704 Jeffrey Ridge Apt. 865 Amandaport, NY 70625",2023-02-28
5,Julie Robinson,jwilson@example.com,"616 Hannah Burg Suite 514 Robertsonland, CA 03498",2022-05-13
6,David Thompson,annamatthews@example.com,"PSC 8440, Box 2049 APO AA 33295",2020-12-02
7,Adam Perez,debrasandoval@example.org,"30353 Young Cove Suite 353 Port Mitchell, AZ 44029",2023-09-17
8,Miguel Smith,crystal33@example.com,"9615 Cuevas Lock Apt. 476 Melissashire, NY 82635",2023-10-10
9,Teresa Thompson,brownbrian@example.com,"6572 Lopez Plains Apt. 556 New Jennifer, NM 84235",2023-09-18
10,Sarah Brown,susanpeters@example.org,"69600 Chad Street Bennetthaven, AS 58466",2020-09-03
11,Erica Garcia,jacquelinegarner@example.org,"2678 Holmes Meadow North Brandonview, NE 59381",2024-02-13
12,Sarah Johnson,jeffrey56@example.com,"93293 Anne Rapids Clarkshire, NC 50474",2023-09-11
13,Jacob Taylor,sanchezraymond@example.org,"8578 Alexander Stream Nicholstown, FL 96732",2020-06-13
14,Carmen Powers,cmanning@example.net,"77933 Hannah Villages Justinburgh, OK 86579",2021-03-18
15,Melanie Allen,peckbrenda@example.net,"PSC 2582, Box 3030 APO AE 06329",2023-08-22
16,Sarah Garcia,gatesshawn@example.com,"711 Blankenship Islands Webbland, KY 74313",2021-12-07
17,Denise Bush,tony10@example.net,"114 Danny Villages Angelaville, AZ 83344",2021-12-20
18,Tammy Carpenter,johnstontyler@example.org,"4533 William Keys West Desiree, TN 44707",2021-09-06
19,Katie Morgan,rschmidt@example.org,"5820 Conley Spur East Edward, PA 36483",2020-08-01
20,Kathy Andrews,alisonbrewer@example.org,"695 Smith Fields Derekborough, PR 64965",2022-10-18
21,Amanda Roberts,ricesuzanne@example.com,"0827 Williams Isle Suite 143 West Vincent, WV 38064",2021-02-20
22,James Dudley,westjohn@example.net,"09044 Brown Mission Isaiahbury, RI 40126",2021-06-15
23,Erin Bryan,kenneth12@example.net,"668 Stephen Oval Suite 367 West Todd, CA 31998",2020-12-23
24,William Reed,kkennedy@example.net,"5161 Zhang Station South Jenniferton, IA 70229",2023-05-18
25,Jessica Herrera,johnwilliams@example.com,"59477 Tony Manors Suite 730 Chenmouth, MP 35698",2024-07-04
26,Angela Knox,hroth@example.net,"01836 Branch Field Suite 717 North Autumn, FM 81949",2023-09-17
27,Kevin Nelson,vrubio@example.net,"8583 Davis Mall Suite 855 West Tomborough, CT 60799",2021-11-19
28,Jill Mitchell,lisagreer@example.net,"1873 Eric Ports Jasonview, HI 95668",2020-06-12
29,Lindsey Odonnell,wlee@example.com,"068 Pena Stravenue North Thomasborough, FM 21941",2024-06-27
30,Jason Valenzuela II,cassandra72@example.com,"278 Ryan Street Dylanville, PA 77856",2021-09-17
31,Shelby Quinn,westclaire@example.org,"27062 Flores Crossing East Stephen, FM 56611",2023-01-30
32,Phillip Lam,tjackson@example.org,"215 Thomas Islands North Michaelstad, CO 53260",2022-01-31
33,Michael Fuentes,gpeterson@example.net,"674 Hunter Manors North Angelamouth, RI 60918",2021-02-03
34,Maria Wall PhD,ryanwarner@example.com,"062 Cruz Lights New Davidton, MN 88939",2022-02-25
35,Melanie Norris,justinthomas@example.net,"017 Hampton Circle North Annaborough, ME 47767",2024-08-06
36,Susan Newman,catherine11@example.com,"4416 Vargas Hollow New Russellberg, GU 28110",2020-07-10
37,Tom Le,lisaaustin@example.org,"42641 Patrick Glens Apt. 123 Benjaminfurt, WI 89408",2022-07-24
38,Willie Brown,michael57@example.org,"991 Samantha Roads New Tony, TX 80532",2023-12-17
39,Lisa Sanchez,brandongreen@example.com,"168 Adams Village East Sara, LA 43359",2022-03-22
40,Thomas Singleton,mark09@example.org,"57849 David Islands Apt. 061 Walkerbury, NH 13530",2023-07-01
41,Randall Watkins,michael92@example.com,"0970 Bowman Shoals Suite 661 New Colinfurt, MS 71845",2023-04-10
42,Lauren Rice,hmyers@example.net,"737 Miller Prairie East Christopher, TN 64151",2024-07-02
43,Robert Casey,allison12@example.com,"8046 John Freeway Andreaside, MT 01844",2020-05-12
44,Jonathan Hernandez,sosadouglas@example.com,"05035 Jessica Overpass Apt. 852 New Joseburgh, ID 53202",2021-06-01
45,Victoria Leblanc,andrea73@example.org,"406 Elizabeth Rapids Lake James, KY 57254",2022-03-19
46,John Cline,laurenmitchell@example.net,"21436 Gonzalez Plains Apt. 260 North Luis, WY 51507",2024-04-21
47,Megan Smith,jerry25@example.org,"873 Raymond Courts Suite 850 Timothymouth, NH 66287",2020-04-16
48,Kristy Ramirez,cwilliams@example.org,"8999 Salinas Prairie Apt. 303 East Haleyburgh, AZ 81005",2023-09-07
49,Dawn Brown,pedro78@example.net,"3155 Keith Loop Rayshire, TN 24310",2024-02-06
50,Mr. Dylan Romero,colson@example.net,"394 Reeves Causeway Rodriguezton, NJ 27545",2023-02-10
51,Thomas Atkinson,michael98@example.com,"22469 Cody Neck Ryanburgh, FL 63404",2020-03-21
52,Matthew Sullivan,smithjustin@example.net,"PSC 8993, Box 9625 APO AE 87700",2022-07-07
53,Charles Rodriguez,jenniferwood@example.org,"82096 Paul Village East Tammybury, MP 42700",2024-07-27
54,Brandi Adams,fshort@example.org,"4544 Hamilton Lake Mckinneyland, GU 68874",2023-06-30
55,Maurice Reese,stephanie66@example.net,"058 James Fords Elizabethmouth, WV 22435",2023-06-25
56,Monica Larson,patrick65@example.net,"8005 Robbins Summit Glassmouth, CT 68994",2024-01-17
57,John Dalton,amy18@example.org,USNS Miller FPO AE 52470,2023-07-21
58,Kevin Kennedy,elizabethcampos@example.com,USNS Fernandez FPO AE 34723,2020-01-23
59,David Allen,michaeljones@example.net,"3717 Jose Islands Apt. 893 Hughesbury, SD 76361",2022-08-11
60,David Kent,juliehenson@example.com,"1591 Carter Junction Apt. 341 Cunninghamfurt, FM 98895",2023-12-05
61,Ellen Castro,thompsonkristin@example.com,"285 Thompson Club New Lisaville, NH 85604",2021-01-04
62,Lisa Horn,xkane@example.org,"3253 Martinez Lock Suite 905 North Marymouth, MS 59526",2021-07-17
63,Todd Wood,riggskeith@example.net,"854 Haney Neck Apt. 675 Clarkport, WA 54111",2024-09-15
64,Jonathan Williams,kclark@example.org,"44387 Nelson Wells North Jameshaven, KY 36658",2021-06-12
65,Wesley Robinson,david23@example.net,"1761 Brown Light Apt. 540 Port Andrewborough, KS 25140",2022-01-19
66,Anthony Harmon,sharon70@example.org,"7999 King Mall West Jameshaven, IL 22857",2020-01-27
67,Elizabeth Mason,edwardcochran@example.net,"420 Elizabeth Circle Suite 278 Lake Jasmine, TN 38577",2024-03-11
68,Kyle Heath,towens@example.com,"PSC 7008, Box 9314 APO AA 18640",2022-11-08
69,Jeanette Smith,brichard@example.net,"1235 Kimberly Plains New Justinview, TN 77395",2021-10-27
70,Kenneth Peters,dvazquez@example.org,"5701 Powell Forest Apt. 606 Cruzside, HI 15807",2022-07-28
71,Paul Martin,umathews@example.com,"9357 Phillip Lock Port Williamhaven, SC 04155",2020-04-19
72,Peggy Tucker,ericsmith@example.org,"13143 Kevin Island Apt. 409 Leonberg, HI 96155",2021-02-18
73,Peter Hood,cookshawn@example.org,"522 Tony Burgs Barnesshire, FM 54715",2020-09-08
74,Amanda Schneider,stephaniemiddleton@example.org,"2301 Hubbard Square Josephhaven, SD 79824",2023-08-29
75,Philip Lyons,vgonzalez@example.org,"48254 Diaz Court Apt. 806 Wisetown, AR 23972",2020-09-24
76,Robert Wallace,jbender@example.net,"057 Garcia Cliffs South Gary, MI 88022",2023-04-23
77,Susan Gomez,sallyfisher@example.org,"4313 Dominguez Fords Port David, MO 66598",2020-04-07
78,Timothy Walker,awilliams@example.org,"899 Kara Flats Apt. 555 East Barbara, SC 31201",2023-06-14
79,Kristin Bryant,christine22@example.com,"6767 Daniel Harbor Powellstad, NE 75884",2020-12-07
80,Justin Oconnell,christopherabbott@example.com,"83117 Kennedy Divide Lake Amy, PW 92025",2021-01-10
81,Richard Brooks,seanvaughn@example.org,"0887 Matthew Path Apt. 180 Lake Michael, WY 47839",2022-11-04
82,Virginia Mcguire,jenna94@example.com,"987 Alison Ridge Port Jenniferfort, IL 68334",2023-07-11
83,Kevin Phillips,greenkathleen@example.net,"92170 Denise View Thomasshire, SC 38994",2023-07-07
84,Sarah Vazquez,catherineroberts@example.org,"92145 Briana Track Lake Steventown, ME 79856",2020-01-03
85,Michelle Whitaker,linda43@example.net,"735 Gutierrez Stream New Christian, NJ 32924",2021-03-05
86,John Smith,crossbenjamin@example.net,"210 Daniel Station Suite 787 South David, UT 79183",2023-10-06
87,Elizabeth Suarez,ewingcarol@example.com,"636 Carr Row Suite 360 Port Christophermouth, LA 11924",2023-11-06
88,Christine Everett,fsmith@example.net,"89265 Johnson Stream Apt. 844 Smithville, NV 93372",2021-11-25
89,Jose Floyd,kdavis@example.org,"241 Campbell Oval Suite 694 New Micheleside, GU 23129",2020-05-21
90,Mr. George Cain MD,kathrynyork@example.com,"880 Mata Harbors South Miranda, NJ 78086",2023-10-25
91,James Lambert,robertford@example.com,"96628 Gabriella Parkways Maryside, IA 95040",2021-10-14
92,Robert Williams,thomaspatrick@example.org,"714 Timothy Passage Suite 559 South Brian, WY 53513",2022-05-24
93,Kara Ball,anthony40@example.com,"84838 Gray Shore Kevinstad, DC 93408",2024-08-28
94,Tyler Cross,hmedina@example.org,"2698 Ramos Summit Suite 628 Cassidyton, NM 76605",2020-01-10
95,Ashley Brennan,rodney55@example.net,"3933 Lewis Meadows North Barbaraville, WV 87016",2023-03-25
96,Sarah Torres,ohayes@example.com,"6422 Jackson Spring West Dannyborough, TX 50330",2020-05-09
97,Melissa Armstrong,thomasfleming@example.com,"16437 Johnson Stream Apt. 943 Lake Oscarbury, NM 28784",2020-04-27
98,Faith Diaz,smitchell@example.org,"5881 Jones Inlet Apt. 520 Parkerfurt, VT 02429",2021-06-08
99,George Hernandez,eric18@example.com,"97148 John Grove Apt. 175 West Edwardville, AL 80990",2020-09-29
100,Stephen Owens,mmedina@example.net,"4515 Young Greens Suite 472 North Jason, MN 40188",2023-08-04
101,Lisa Conner,makayla48@example.com,USNS Noble FPO AA 92988,2020-02-24
102,John Maldonado,coxeric@example.net,"3667 Erickson Trace Suite 991 East Kristine, TX 49704",2021-10-06
103,Pamela Benton,christopher62@example.com,"762 Davis Lock West Christopherhaven, KY 34627",2020-01-30
104,Heather Rhodes,johnyoung@example.org,"9223 Rivera Ramp Apt. 700 Richardsonland, MO 05180",2021-08-31
105,Sarah Simpson,justinleach@example.com,"617 Larson Drive Suite 192 East Emilyport, LA 88054",2020-01-22
106,William Nash,lisa16@example.org,"446 Navarro Fall North Josephland, WV 20412",2024-10-08
107,Adriana Phelps,kenneth48@example.org,"45670 Michael Landing Matthewchester, PW 23506",2021-03-27
108,Anna Torres,susanboyd@example.com,"789 Tate Flat Apt. 595 Johnsonborough, OK 95307",2021-09-18
109,Gregory Johnson,allison49@example.org,"225 Garcia Branch East Ashleyfurt, MS 08560",2020-07-18
110,Gloria Bowman,gclark@example.net,"9177 Glenda Crossroad Terranceside, MI 01540",2023-09-24
111,Angela Morales,zachary50@example.org,"509 Hunt Highway Suite 193 Port Victor, MA 63906",2020-09-30
112,Donna Burns,kdavis@example.org,"69175 Ruiz Highway Apt. 300 Kathyport, CA 79676",2020-04-29
113,Stephen Houston,batesrachel@example.net,"17382 Schneider Run Apt. 075 Port Margaret, AZ 74692",2020-11-27
114,Kelsey Thompson,johnarnold@example.net,"8566 Brown Cape Apt. 530 Vincentton, MT 36482",2022-04-23
115,Cassidy Harris,jakemitchell@example.net,"66772 Johnson Island Suite 380 East Stephenview, ME 04340",2024-01-07
116,Jonathan Butler,qcameron@example.com,"514 Nguyen Lodge Karaside, MT 37426",2024-08-30
117,Kenneth Scott,christopher18@example.org,"853 Joshua Mount Suite 312 Robertstad, PR 73329",2020-07-31
118,Veronica Briggs,diane41@example.net,"2256 Sarah Glens Apt. 589 Perezton, NE 52877",2023-06-09
119,Patrick Smith,gary36@example.com,"37171 Sarah Crescent Suite 339 West Margaret, NY 01561",2023-09-24
120,Selena Jones,maryjames@example.org,"50336 Clark Street Suite 346 New Jamesbury, IL 85096",2023-11-21
121,Sharon Navarro,brandon55@example.com,"399 Mills Forge East Elizabethland, PW 16285",2023-03-29
122,Taylor Stokes,tsnyder@example.net,"186 Michael Lodge Apt. 969 Campbellmouth, UT 88356",2023-11-15
123,David Wallace,ycaldwell@example.org,"10547 Kathleen Squares North Jose, PR 11877",2024-01-26
124,Richard Miller,boltondawn@example.net,"256 Noah Park Suite 994 Navarrofort, LA 21250",2020-12-04
125,Shelley Hansen,amandaking@example.net,"947 Johnson Trafficway Lake Rhonda, CA 31439",2023-09-17
126,Jack Miller,kimberly34@example.com,"8215 Mullins Rapid Carsonburgh, ME 13536",2020-05-05
127,Ronnie Martin,psantiago@example.com,"97752 Christopher Islands Suite 011 West Jeremy, NH 55662",2023-05-28
128,Joshua Mathews,jessica30@example.com,"6558 Matthew Crossing Apt. 470 Snyderton, OH 13056",2020-08-23
129,Thomas Martinez,ubranch@example.org,"PSC 6436, Box 9725 APO AA 05142",2020-04-24
130,James Pennington,mrodriguez@example.org,"30454 Gibbs Fields New Brittneyland, ME 44521",2024-02-28
131,Jeremy Palmer,laurayoung@example.net,"7559 Payne Mills Apt. 114 Michelleshire, VI 92581",2022-02-15
132,Luke Townsend,alexandraali@example.net,"PSC 4710, Box 2640 APO AE 53298",2021-12-31
133,Daniel Taylor,vtorres@example.com,"85198 Hawkins Locks New Meganport, NH 54058",2024-01-26
134,Lauren Austin,skrueger@example.org,"7436 Trevor Vista Torresburgh, NJ 89125",2024-04-11
135,Kathy Wright,smithlisa@example.net,"67364 Smith Ridge New April, WI 84437",2020-07-09
136,Nicholas Martin,vmoreno@example.org,"023 Matthew Shoal Suite 711 Rogersville, NE 70503",2023-01-17
137,Eric Skinner,npittman@example.org,"4219 Jill Haven Port Alexandrahaven, NV 91459",2023-01-24
138,Jill Evans,ballmargaret@example.net,"3718 Emily Key Apt. 888 West Nancy, MS 72398",2023-10-20
139,Melissa May,crobertson@example.com,"22608 Jacob Rapids Catherinemouth, LA 10838",2022-01-26
140,Nathaniel Blackburn,gabriellamartin@example.com,"4894 Audrey Brooks Suite 491 East Nathan, FM 36370",2023-03-22
141,Jordan Williams,kylie80@example.org,"09375 Roberts Falls Suite 931 Lake Melissahaven, WY 25794",2021-10-01
142,Kim Harris,lhoover@example.org,"1377 Melissa Union Riddlehaven, NV 44006",2023-05-26
143,Vincent Branch,christopher44@example.org,"126 Natalie Heights Apt. 874 Millerstad, PW 51238",2020-07-09
144,Ashley Osborne,michaelboyer@example.com,"175 Connie Parkways New Larry, FL 74849",2023-05-11
145,Susan Roberts,schaeferrichard@example.org,USCGC Graham FPO AA 03504,2020-06-23
146,Kyle Smith,lfischer@example.com,"1823 Kim Stravenue Rodriguezborough, ME 13263",2022-03-28
147,Stephanie Larsen,freemanjustin@example.com,Unit 6889 Box 0815 DPO AP 55284,2022-08-08
148,Tamara Alvarado,nicole13@example.org,"7309 Rogers Port Suite 109 West Maryberg, UT 37492",2023-01-25
149,Brittany Lewis,tjenkins@example.net,"2659 Drew Lake Suite 826 East Meganchester, NH 37704",2024-09-16
150,Billy Mejia,ortegasteven@example.org,"480 Campbell Ranch Apt. 950 Hicksfurt, PW 10893",2020-02-28
151,Kathryn Rogers,alisonelliott@example.net,"9597 Jenkins Skyway Apt. 182 Jeffreyport, IN 11913",2020-01-25
152,Joan Vincent,kathleenrodriguez@example.net,"846 Deanna Parks Suite 523 Palmerbury, IL 97002",2023-11-05
153,Anthony Clark,greenjessica@example.net,Unit 4535 Box 4914 DPO AE 30521,2020-09-23
154,Robert Kelley,stevemaldonado@example.org,"1722 Thomas Dam Apt. 124 West Christopher, SC 53987",2024-09-16
155,James Valentine,holmesmelinda@example.net,"885 Bowman Course South Crystal, MD 11551",2023-11-04
156,Brenda Moore,vmolina@example.org,Unit 8353 Box 8837 DPO AA 22898,2023-06-20
157,Jerry Lane,hardymichelle@example.org,"160 Thomas Pines Nguyenbury, AR 26077",2024-03-18
158,William Owens,christinabaker@example.org,"45634 Roberts Keys Port Brandon, CT 45872",2024-02-11
159,Lori Taylor,russellgreg@example.net,"9655 Jessica Lock Port Peter, NJ 64152",2022-01-21
160,Amanda Barnett MD,phamjason@example.com,"17226 Gaines Port New Billyside, CT 01026",2020-12-19
161,Robert Sanders,hayesjessica@example.net,"44742 Smith Pine Maldonadoburgh, DE 78896",2021-05-18
162,Angela Martinez,andrewduffy@example.net,"7935 Brandon Track Suite 575 New Matthewberg, VA 90361",2023-05-05
163,Edward Brown,stevenanthony@example.org,"224 Hannah Island Apt. 982 Sarahport, CA 16057",2020-12-15
164,Stephanie Berry,phillipsbrett@example.net,USS Ayala FPO AP 73636,2022-11-26
165,Melanie Sims,kari31@example.org,"019 Sutton Dale Suite 310 Megantown, IA 17668",2024-03-14
166,Deborah Brewer,melissamoon@example.net,"2756 French Stream Apt. 454 Christinaburgh, NJ 92969",2020-07-12
167,Jeffrey Wallace,anthony36@example.com,"78938 Rogers Estates Durhamstad, AR 27032",2021-08-13
168,Jason Davis,charlesmurphy@example.net,"804 Boyd Square West Kevin, AK 63715",2024-03-05
169,Stephen Sexton,cherylroberts@example.net,"314 Christina Mountain Davidbury, MA 18508",2020-09-20
170,Margaret Murphy,melissa22@example.org,"788 Garcia Ranch South Laurie, NJ 84947",2024-09-17
171,Melissa Porter,gregorycrawford@example.org,"8302 Rodriguez Track Apt. 615 Port Tinaview, DE 21682",2020-06-03
172,Amanda Mills,wukatie@example.net,"9508 Deanna Turnpike Apt. 424 Munozburgh, RI 69034",2023-06-25
173,Daniel James,lday@example.org,"0353 Daniel Fork Calhounstad, NE 06434",2022-07-28
174,Darlene Koch,michael09@example.com,"9572 Vaughan Street Lisahaven, MP 59200",2024-03-31
175,Anthony Burke,mdorsey@example.org,Unit 2532 Box 4988 DPO AP 12043,2020-11-20
176,Scott Mcdonald,vanessa43@example.com,"6607 Johnson Glen Apt. 400 Stephaniefort, VT 93960",2024-03-22
177,Michael Lee,stewartwilliam@example.com,"96189 Carla Loop Suite 793 New Scotthaven, OK 64807",2023-11-08
178,Alexa Meza,elizabethhorton@example.org,Unit 7905 Box 5667 DPO AP 34324,2023-11-25
179,Martha Bailey,jameskelly@example.org,"485 Bradley Mission Barbaramouth, CO 42101",2023-11-03
180,Christopher Gonzalez DDS,hhaas@example.org,"943 Thomas Lodge Apt. 950 Normanfurt, NC 04441",2020-11-21
181,Susan Dyer,katie07@example.org,"016 Teresa Views Keithland, KS 65959",2024-08-23
182,Candace Vazquez MD,atkinsjeremy@example.org,"98930 Kerri Junction Suite 851 East Maryberg, NY 09519",2020-07-28
183,Jennifer Hughes,williampugh@example.com,"6786 Kevin Locks South Jamiechester, OR 53061",2020-08-22
184,Michael Cortez,uowens@example.org,"345 Caleb Dale Apt. 702 Lake Amanda, KS 54501",2020-07-03
185,Thomas Williams,danielle78@example.com,"032 Brown Squares Apt. 812 Mackenziestad, CO 47184",2020-06-15
186,Kevin Johnson,obrown@example.org,"112 Debra Parks Apt. 435 New Kelseyport, VI 80866",2021-03-16
187,Darren Baker,katelyn69@example.net,USS Barrett FPO AP 93411,2022-05-22
188,Lisa Kim,jennifer59@example.com,"477 Anderson Dale Danielsbury, OR 75197",2023-05-12
189,Courtney Hill,elizabethwallace@example.net,"6584 Natasha Divide Lake Jeanneborough, MH 47586",2020-11-25
190,Justin Smith,matthewalvarez@example.org,"36949 Brown Fort Alexismouth, MS 55137",2022-11-29
191,Thomas Jarvis,rodrigueztiffany@example.com,"9374 Phillips Inlet West Cody, NY 77675",2020-08-28
192,Parker Tucker,thomasfranklin@example.net,"4407 Wood Trail Suite 177 Lake Kelly, ND 35708",2023-02-09
193,Lee Thomas,whill@example.net,"947 Monroe View New Richardton, IA 61230",2022-02-03
194,Sarah Chandler,kevincastillo@example.net,"430 Laura Divide New Drew, MN 36731",2024-08-12
195,Jason Rodriguez,david95@example.com,"484 Mccarty Roads Suite 834 South Caleb, PA 80376",2024-07-11
196,Justin Chapman,chambersmiranda@example.net,"4550 Micheal Rapid Apt. 185 South Justinview, DC 45975",2020-08-06
197,Emily Brown,linda53@example.org,"15261 Stephanie Forest Suite 180 New Audrey, ME 88247",2024-09-18
198,Diana Gallegos,greg57@example.net,"375 Amanda Groves Suite 104 Port Ronaldport, TN 65223",2020-08-08
199,Ivan Aguilar,zwarren@example.net,"PSC 2171, Box 8816 APO AA 14925",2023-03-21
200,Mr. Oscar Chavez,timothylandry@example.com,"948 Jennifer Tunnel Suite 996 Johnmouth, ND 94870",2022-12-25
201,David Holmes,nwood@example.com,"423 Tran Villages Brownport, MO 12211",2023-01-03
202,Taylor Scott,vclark@example.net,"624 Stewart Cove West Angelville, ME 34485",2024-05-20
203,Michelle Thomas,yhernandez@example.org,"85642 Daniel Island Apt. 912 Beckyton, VT 77229",2024-04-27
204,Tara Knapp,lromero@example.net,"63432 Rivera Terrace Apt. 045 Port Stephanie, GU 69926",2022-04-19
205,Amy Anderson,nweber@example.org,"PSC 3813, Box 3529 APO AP 69397",2020-08-24
206,Thomas Fischer,xmoore@example.org,"90075 Larsen Passage Owensville, ND 79048",2024-09-16
207,Nathaniel Cantrell,qadams@example.com,"800 Lauren Ramp Suite 253 Annabury, MS 51517",2023-10-11
208,Jimmy Smith,christopherbrown@example.com,"3062 Jacobs Mountains Apt. 534 Port Kimberlymouth, OK 53919",2021-10-25
209,Mr. Timothy Gross,parksrobert@example.org,"262 James Lane Benderburgh, WV 50463",2021-10-30
210,Cody Williams,juliekelley@example.net,"40610 Sharon Dam Suite 854 South Dominique, VA 34597",2021-10-27
211,Ronald Myers,rtaylor@example.com,"704 Jordan Creek Suite 283 West Markfort, KY 86655",2023-11-19
212,Tracy Rogers,michaelcampos@example.net,"8506 Bradley Causeway Apt. 812 Schmidtmouth, WV 60394",2024-02-08
213,Robert Chase,hawkinsamber@example.org,"9615 Daniels Islands Apt. 103 West Colinmouth, KS 85414",2021-12-04
214,Nicholas Jenkins,randallpierce@example.com,"18767 Jenna Walk New Tommouth, SD 17475",2023-07-19
215,Lisa Perez,andrew82@example.com,"871 Brittany Plain Hardyshire, AZ 34929",2023-11-02
216,Heidi May,anthonyduran@example.org,"2767 Harrell Via Suite 974 New Rickhaven, AS 07132",2024-09-14
217,Lisa Rose,laura22@example.net,"97549 Rodriguez Station Mariaport, MO 61312",2022-11-23
218,Tammy Estrada,james25@example.com,"2279 Cortez Bridge Suite 971 West Rebecca, MI 90800",2021-08-11
219,Morgan Obrien,jennifergreen@example.org,"4628 Baker Stravenue Suite 323 New Mary, AL 35773",2024-09-23
220,Steven Roberts,williamsbrittany@example.com,"0637 William Curve Suite 694 Joychester, MN 49351",2024-09-03
221,Christopher Hall,tapiarebecca@example.com,"206 Patrick Dam Apt. 666 North Kaylashire, MI 25563",2020-02-21
222,Louis Farley,jmiller@example.net,"17944 Angela Vista Suite 958 North Tammyburgh, AZ 14651",2020-11-12
223,Logan Banks,pamelaharper@example.net,"3970 Schwartz Isle East Timothyberg, KS 36263",2020-07-21
224,Robert Jones,caitlyn24@example.com,"53391 Renee Ramp Jacobfort, FL 47114",2020-02-27
225,Laura Robinson,uespinoza@example.com,"67587 Sanchez Meadows South Kevinshire, RI 60737",2023-10-29
226,John Schaefer,jamesbarnes@example.org,"866 Perez Throughway Amandashire, OH 60065",2024-01-24
227,Christina Jackson,craighernandez@example.org,"89164 Thomas Fork Suite 091 South Robert, NM 06791",2024-05-23
228,Jerry Morales,crystal90@example.org,"3931 Thomas Ridge Suite 276 West Alisonmouth, MS 53889",2020-08-03
229,Tamara Smith,kathy34@example.net,"4074 Delacruz Gateway Apt. 927 New Christine, AK 26114",2024-02-15
230,Sheila Savage,laurarobinson@example.com,"9917 Duncan Trail Port Christophertown, OH 71476",2021-11-09
231,Diana Green,jean31@example.com,"7653 Young Manors Apt. 887 West Josephbury, NC 78477",2022-01-24
232,Mrs. Emily Ramirez DDS,mparker@example.com,"4900 Kimberly Lights Sonyaville, OK 65276",2022-06-22
233,Patricia Kent,tiffanynoble@example.net,"7674 Kristina Flats Suite 009 New Matthew, GU 10294",2020-10-16
234,Dillon Allen,markacosta@example.com,"570 Kathryn Courts Apt. 532 West Coreyville, VT 90052",2024-02-13
235,Joshua English,alyssa47@example.net,USNS West FPO AE 64605,2020-05-19
236,David Cardenas,ostafford@example.com,"PSC 8999, Box 7194 APO AP 61369",2021-12-21
237,Heather Reynolds,crystal62@example.org,"726 Judith Circle Suite 607 Paulfort, KY 84281",2024-02-24
238,Phillip Taylor,nicholasholmes@example.com,"50905 Daniels Landing North Jennifer, VA 71756",2020-11-23
239,Paul Anderson,flemingdanielle@example.com,"56355 Erin Parkway Gordonbury, PA 21618",2020-09-23
240,Karen Valencia,tsalazar@example.org,"3808 Justin Squares Apt. 698 Lake William, VT 15042",2022-05-18
241,Manuel Sparks,cwilliams@example.net,"56346 White Terrace Stephenmouth, HI 88140",2022-02-13
242,Leah Henry,jason94@example.org,"19327 Brown Hill Suite 243 East Dustin, NY 24841",2024-08-21
243,Zachary Johnson,xmorales@example.com,"5672 Lauren Run Baileyland, NM 19776",2021-12-06
244,Renee Fisher,avelazquez@example.com,"4911 Blair Tunnel Suite 472 Maryview, AZ 29839",2022-10-22
245,Megan Harris,richardsontroy@example.org,"833 Mark Forest Yorkstad, OH 53799",2021-03-09
246,Catherine Whitaker,kendra94@example.org,"682 Gregory Estates Apt. 106 Smithborough, KY 64318",2022-11-15
247,Angela Castro,barkerrobert@example.com,"PSC 9251, Box 3812 APO AE 29082",2023-01-17
248,Angie Harris,rodriguezallison@example.com,"7877 Cole Field West Chad, OR 04568",2024-06-14
249,Kathy Stone,eparker@example.com,"9303 Guerrero Shore Suite 597 Lake Kimberlyberg, NC 46978",2020-11-19
250,Tammy Figueroa,christopher19@example.net,"41149 Scott Stream North Joe, TN 09434",2022-02-06
251,Stephanie Walker,stephen56@example.org,"649 Edwin Cliffs Apt. 485 South Aaron, OR 92140",2022-07-01
252,Kim Pierce,david75@example.com,"26305 Dawn Corners Apt. 333 South Josephland, FM 10210",2024-09-25
253,Marc Clark,crystalriley@example.net,"806 Smith Cliffs West Danielle, DC 04975",2023-07-14
254,Joseph Wilson,christophergriffin@example.com,"433 Shirley Turnpike Apt. 263 Martinezmouth, NY 59484",2021-08-22
255,Micheal Gonzalez,vwilliams@example.com,"PSC 6889, Box 5555 APO AE 61755",2020-12-01
256,Elizabeth Garrett,jeremy89@example.org,"579 Diane Greens New Teresa, AR 82304",2023-09-03
257,Robert Rios,georgesharp@example.com,"0420 Scott Forks Apt. 120 Hartfurt, DE 01135",2020-04-18
258,Timothy Wheeler,griffinchristopher@example.net,"6237 Brandon Keys Suite 705 North Rachel, TX 22163",2021-03-03
259,Allison Reid,johnsonrachel@example.com,"41103 Blair Shore South Heathertown, OK 54017",2022-01-01
260,Alyssa Mcgrath,icollins@example.com,"15191 Sandra Gateway Port Miranda, NY 78136",2021-06-04
261,Maria Rocha,sydneybrown@example.net,"849 Mccarthy Square Thomasmouth, CT 23595",2023-11-14
262,Joseph Mejia,vargaskaren@example.org,"4676 Ward Crest Apt. 377 Gabriellaborough, UT 73172",2020-10-05
263,Benjamin Martinez,kristacooper@example.net,"115 Hamilton Estate Trevinostad, OK 76317",2021-03-27
264,Scott Mclaughlin,kennedyamanda@example.com,"913 Ashley Grove New Amystad, IL 56280",2020-06-28
265,Jason Ramos,fbradshaw@example.com,"570 Joseph Parkways South Christine, LA 14056",2020-12-06
266,Colleen Wiley,hortoncatherine@example.net,"3338 Freeman Way Suite 427 East Calebview, WA 13961",2021-06-10
267,Jessica Sutton,matthewmcintyre@example.com,"04121 Gonzalez Mill Crawfordbury, NV 29630",2024-08-27
268,David Hoffman,wmorgan@example.net,"4203 Shaw Light Suite 696 Smithtown, FL 72875",2022-01-07
269,Emily Booth,benjamin75@example.com,"750 Maldonado Glens Guzmanfort, VA 52398",2022-09-20
270,Katherine Montgomery,lmccarthy@example.org,"10744 Alexander Parks Apt. 923 Holtmouth, UT 52945",2022-11-11
271,Patrick Costa,ibradford@example.org,"PSC 6240, Box 4514 APO AP 03365",2023-11-12
272,Jennifer Bowers,jamesbass@example.com,"590 Jennifer Shores Apt. 461 Bryantville, RI 15987",2020-05-15
273,Lori Rhodes,nicole52@example.org,"3112 Elizabeth Harbor Suite 965 East Aliciaburgh, DC 14585",2020-09-29
274,Thomas Knight,erica26@example.org,"801 Ferguson Highway Matthewside, RI 04720",2024-02-18
275,Shelley Ali,valenciajames@example.org,"648 Maria Station Desireehaven, HI 03979",2024-09-11
276,Kevin Taylor,sandrahunt@example.com,"478 Justin Square South Joseph, VT 23668",2024-09-28
277,Kaitlin Robinson,stephengarcia@example.org,"360 Pierce Ferry Apt. 835 West Sarah, HI 22138",2021-01-06
278,Zachary Estrada,brent85@example.org,"59755 Regina Valley South Kelseymouth, PA 52194",2021-05-23
279,Lindsay Cunningham,elizabeth44@example.net,"96748 Johnson Forge Suebury, SC 29673",2020-10-26
280,Mario Bailey,keith23@example.com,"3649 Frazier Overpass Ericburgh, WI 67077",2020-11-27
281,Cheryl West,wesley48@example.net,"0698 Timothy Club East Candaceville, VI 68357",2020-04-25
282,Mr. Shane Greene,johnsonkristopher@example.org,"29679 Sheryl River Samanthaton, MN 52168",2022-01-28
283,Aaron Estrada,ysmith@example.org,"053 Logan Pine Taylorbury, MP 92931",2022-07-08
284,Kevin Taylor,johnsonanthony@example.org,"18141 Villanueva Roads Suite 408 Debraton, NJ 84956",2020-03-28
285,Anthony Lopez,armstrongdavid@example.org,"76405 Chavez View Apt. 012 Rhondaborough, NJ 22572",2021-07-21
286,Leslie Ortiz,jonespatrick@example.com,"835 Norris Spring Tamaraside, VT 11207",2024-06-09
287,Lauren Brown,mitchelltracey@example.org,"65130 Cabrera View Santosmouth, MH 78758",2020-10-14
288,David Martinez,watsongeorge@example.org,USNS Oneal FPO AE 88727,2020-12-27
289,Jimmy Lewis,brayjulia@example.com,"81723 James Trafficway Mercerland, KY 42376",2022-11-03
290,Elizabeth Burke,april04@example.com,"29962 Natasha Forge Suite 422 North Matthewport, TX 23254",2022-01-07
291,Daniel Ross,marypeterson@example.com,"6571 Sanders Hollow Tateberg, FL 50913",2020-08-01
292,Katherine Warner,riosangela@example.org,"986 Anderson Mountain West James, SD 27073",2020-08-31
293,Charles Parker,hedwards@example.net,"2549 Aaron Burgs Stewartborough, TN 52031",2021-08-04
294,James Jensen,lynn98@example.net,"0198 Johnson Radial Apt. 900 Mooneyshire, NY 73159",2024-09-15
295,Karen Walters,jennifer51@example.net,"812 James Streets Apt. 691 South Dwaynetown, AK 88777",2023-04-10
296,Mary Ryan,kathrynvaldez@example.com,"25891 Kathryn Junction Suite 349 North John, VA 13548",2020-11-04
297,Aaron Buckley,fieldswesley@example.com,"2914 Samantha Coves Suite 655 Lake Jackhaven, AZ 50882",2022-05-03
298,Wendy Jones,henrycatherine@example.net,"086 Jeanette Green Lauraberg, WY 63204",2023-02-19
299,William Gill,kennethfranco@example.org,"759 Martinez Springs Davidfort, OK 23785",2023-02-27
300,Ariel Sanchez,debbiehall@example.net,"3298 Orozco Cove Suite 804 Port Rodneyville, MH 03688",2022-07-17
301,Kimberly Andersen,katherine19@example.com,"078 Alison Camp Suite 325 West Jessica, KY 29601",2022-11-03
302,Daniel Butler,kaisersergio@example.com,"PSC 3427, Box 6855 APO AE 12413",2020-03-26
303,Doris Reese,riosjohn@example.com,"5954 Casey Crossroad Apt. 629 Leemouth, LA 15534",2023-03-04
304,William Ponce,brooksjeremy@example.com,"11148 Vargas Locks West Johnathantown, MI 75605",2024-03-05
305,Kimberly Jackson,paulbrooks@example.org,"99101 Smith Plaza South Mitchellport, AR 95555",2024-09-26
306,Ronald Marsh,haydenmarcus@example.net,Unit 0746 Box 1709 DPO AP 51793,2022-05-31
307,Erin Estrada,zacharywalker@example.com,"674 Marquez Park Daisyville, ND 66741",2024-05-04
308,Robert Schroeder,drakesara@example.org,"29588 Smith Pines Port Denise, FM 68285",2023-05-10
309,John Woods,garzapamela@example.com,"62955 Gutierrez Estate Apt. 602 Greenmouth, AS 29448",2020-12-22
310,Elizabeth Roberson,gcarlson@example.net,"78975 Williams Curve Victoriamouth, AR 70195",2021-01-28
311,Adam Graham,brian66@example.org,"232 Kirby Village Lake Brandi, MH 90689",2024-09-17
312,Mallory Holmes,cgalvan@example.com,"57206 Laura Junction Port Kevin, IN 10969",2020-02-11
313,Larry Roberts,jeffrey32@example.net,"9914 Butler Trail Munozborough, CA 15118",2023-07-30
314,Tricia Alvarez,denise74@example.org,"257 Victor Knoll Alexanderberg, MP 90385",2020-01-15
315,Michael Serrano,rdixon@example.net,"41353 Smith Villages Apt. 685 New Veronica, ME 18402",2024-07-24
316,Stuart Berry,thomaslane@example.org,"564 Tammy Gateway Suite 316 North Amyland, KY 69898",2024-01-02
317,Mary King,adavis@example.net,"9731 Michael Mission Suite 920 Hooperside, IA 99566",2024-01-13
318,Nicole Torres,sarahleon@example.com,"513 Torres Tunnel East Brian, WY 98934",2023-03-26
319,Ellen Jones,wellsjoshua@example.org,"20625 Brooks Hill Lisafort, NM 08288",2021-07-28
320,Sean Watson,amandarivera@example.net,"9345 Megan Inlet Lake Rebekahton, AZ 46261",2022-07-28
321,Chelsea Holmes,smithwendy@example.com,"178 Ryan Square Suite 728 Josephview, WV 27823",2022-12-03
322,Craig Moore,thomas42@example.com,"7733 Williams Path Apt. 582 Christopherhaven, PR 08227",2021-09-23
323,Catherine Sandoval,yneal@example.com,"66487 Davis Loaf Suite 412 Simonbury, CA 47214",2023-01-21
324,Elizabeth Stone,williamsana@example.net,"27750 Christina Wells Apt. 526 Allisonfort, OR 20260",2024-01-18
325,Robin Campbell,umccann@example.net,"067 Megan Drives North Taylor, MP 30703",2021-07-03
326,Kathleen Clark,kylemorrison@example.org,"5244 Petersen Plaza Gutierreztown, AZ 11426",2023-09-23
327,Joseph Clark,willie78@example.org,"888 Ward Burgs Lynnland, RI 69360",2022-04-15
328,Joshua Young,harry34@example.com,Unit 8985 Box 8291 DPO AP 42967,2021-03-04
329,Brian Alexander,justin53@example.com,"5408 Christopher Isle New Shannonland, NM 28257",2021-11-17
330,Kelli Robinson,xwoods@example.net,Unit 3935 Box 8304 DPO AP 04910,2020-02-18
331,Kelly Roberson,wjenkins@example.org,"01677 Baker Glens Newtonborough, GU 96706",2020-03-07
332,Michele Taylor,gpope@example.org,"819 Ramirez Lodge Apt. 516 Paulville, MO 49805",2022-06-01
333,Michael Fletcher,gharris@example.net,"0977 Randolph Estate Alanland, MN 33130",2023-02-04
334,Daniel Koch,ncole@example.com,Unit 6334 Box 3651 DPO AA 82132,2023-07-07
335,Sarah Atkins,johnsonanne@example.net,"0879 Martin Inlet West Mark, NM 57541",2023-02-14
336,Tracy Melton,dking@example.org,"828 Christina Viaduct East Catherinestad, DE 06838",2023-06-15
337,Lucas Evans,adamnixon@example.net,"237 Frank Grove Brayshire, NY 74607",2023-11-23
338,Damon Green,christophercosta@example.org,"7482 Steven Circle Suite 931 Bridgetland, SD 33266",2020-11-22
339,David Moody,manuelerickson@example.org,"61981 Adam Viaduct New Jennifer, FL 08806",2023-04-14
340,Joe Jennings,kevincooper@example.com,"13324 Dale Course Suite 765 South Amberton, MA 97976",2024-03-05
341,Stephanie Myers,dodsonanthony@example.com,"6136 Thompson Locks Suite 580 Wilcoxmouth, WA 07136",2023-05-10
342,James Burton,vanessa89@example.com,USNS Scott FPO AA 09904,2022-07-10
343,Matthew Lopez,rojasjames@example.org,"51535 Hudson Centers Suite 864 North Tammyview, NE 01997",2023-03-19
344,Justin Adams,heathjeffrey@example.com,"2403 Robert Center New Rebeccafort, CT 18333",2022-01-11
345,Angela Campos,ubaird@example.net,"15568 Hall Vista West William, NC 29367",2023-07-21
346,Katherine Li,logan18@example.org,"9167 James Field Apt. 946 Lake Jennifer, MD 19218",2024-05-08
347,Julia Andrews,sandra86@example.org,"42404 Brittany Freeway Suite 393 West Matthewfort, MT 82794",2023-07-01
348,Julia Oneill,jessica76@example.org,"11284 Doyle Harbors Suite 259 Bakerfort, KY 66446",2020-01-17
349,Benjamin Brown,bbautista@example.net,"673 Miller Stream Suite 689 Morrisview, MN 11457",2024-01-02
350,Joy Diaz,zcain@example.org,"1153 Kristin Ramp Suite 822 South Erik, OH 20551",2021-05-11
351,Paul Daniels,toddmoyer@example.net,"0307 Saunders Court East Anthony, ND 75784",2021-04-17
352,Ronald Moyer,imartinez@example.net,"4142 Hunt Parkways Apt. 653 West Ryan, NC 59134",2024-06-30
353,Beverly Smith,zsparks@example.net,"90428 Samantha Crest Mooreland, IN 17478",2022-10-01
354,Molly Villanueva,robertgross@example.net,"3289 Rachael Meadow North Georgefurt, WV 44323",2020-10-22
355,Vanessa Stafford,tyler96@example.net,"3196 Eaton Ridge Suite 087 Lake Clifford, IA 81599",2021-12-29
356,Julie Scott,james14@example.org,USCGC Stuart FPO AA 78739,2022-03-27
357,Pamela Anderson,cindy13@example.net,Unit 9572 Box 9497 DPO AA 32989,2024-02-06
358,Lauren Jennings,pschneider@example.com,"78823 Hopkins Port Suite 915 North Saramouth, AK 14235",2022-09-04
359,John Bonilla,bcox@example.net,"5544 Hernandez Estates Suite 618 Parkerton, GA 51936",2022-01-03
360,David Clements,joshuareese@example.com,Unit 3854 Box 3690 DPO AE 15198,2020-02-29
361,John Coffey,williamtucker@example.org,Unit 0584 Box 1815 DPO AE 60506,2022-09-21
362,Anthony Wilson,joshua63@example.org,"28077 Erica Fords Apt. 633 Bryanborough, IN 33576",2023-01-14
363,Briana Hansen,christophermartin@example.com,"44369 David Island Emilyview, WY 61473",2020-02-16
364,Amy Garza,xhampton@example.org,"09898 Jim Mission Paulton, AK 83180",2021-06-28
365,Amanda Peterson,xcontreras@example.net,"8929 Kim Mountain Port Gary, FM 12701",2024-08-02
366,Ana Alvarez,xhudson@example.net,"38090 Carey Heights Apt. 187 Patriciaburgh, MT 22895",2024-06-02
367,Jeffery Howard,rebecca36@example.com,"8318 Brady Ports Debbieton, TN 28928",2021-11-04
368,Mark Garcia,swansonryan@example.net,"629 Martinez Passage New Tiffany, IN 92361",2024-09-04
369,Andrew Boyd,stacey51@example.net,Unit 3877 Box 8396 DPO AA 04057,2023-12-27
370,Miss Lisa Sullivan,ejohnson@example.net,"13531 Tyler Lodge Hollandchester, AZ 55931",2024-02-17
371,Jonathan Webb,billyflores@example.com,"1762 Wilson Ports West James, CT 60642",2022-09-30
372,Alexander Thomas,michael51@example.net,"8237 Michael Oval South Kelseyberg, MH 84634",2022-01-18
373,Jessica Mora,jimsilva@example.net,"5191 Lewis Islands Suite 012 South Gary, MI 08973",2023-05-21
374,Lorraine Mcdaniel,ramseywilliam@example.org,"433 Smith Square Suite 413 Robertberg, OR 99503",2023-10-21
375,Brian Rogers,kennethcraig@example.org,"4682 Julie Court Suite 892 Amandamouth, ND 11519",2022-12-05
376,Shane Lane,tramirez@example.net,"9150 Thomas Estate Apt. 420 Ingramborough, KS 63523",2021-06-19
377,Tabitha Sanders,gbanks@example.org,"2044 Perez Street Tiffanyside, TX 99756",2023-11-07
378,Tiffany Lyons,mathewsdanielle@example.net,"8499 Russell Branch Jamestown, MP 59984",2023-09-28
379,Christopher Wagner,qsalas@example.org,"98600 Mitchell Trail East Andrechester, AZ 24746",2024-07-02
380,James Weber,claudiastewart@example.com,"01502 Don Circle Suite 175 Hinesshire, WI 96692",2022-12-30
381,Tracy Gill,christymckay@example.org,"72937 Kevin Ports Suite 257 Wilsonside, AS 92568",2020-12-07
382,Michelle Hill PhD,rebecca91@example.net,"23577 Martin Passage Davidview, GA 69340",2023-04-30
383,Brian Garcia,tdiaz@example.org,"9637 Steven Run Apt. 681 Williamland, DE 41818",2021-01-02
384,Jesse Cooley,daniellemurphy@example.net,"580 Webb Crossing Apt. 110 Alexanderfort, NC 83922",2021-09-03
385,Heather Marshall,amber55@example.com,"0448 Holmes Springs Apt. 134 Lake Amanda, MI 35996",2024-02-12
386,Jason Smith,ojordan@example.org,"9755 Miller Streets Katherineborough, NJ 17230",2021-08-13
387,Angelica Thomas,edwardbell@example.org,"946 Pham Roads Port Kyle, NE 46788",2024-06-06
388,Anthony Warner,jerry73@example.net,"PSC 4089, Box 8795 APO AE 30261",2024-01-08
389,Brandon Anderson,lisaday@example.net,"4225 Harris Walk Lake Ashley, NC 90343",2021-10-10
390,Jennifer Green,cooperandrew@example.org,"944 Moreno Expressway Suite 330 East Emilyhaven, MS 37100",2023-02-24
391,Destiny Li,mooremartin@example.net,USNV Woodard FPO AE 18826,2024-04-09
392,Wendy Lang,geaton@example.org,"60821 Dean Hollow Suite 891 Jenkinsburgh, NM 32182",2020-11-05
393,Tiffany Mcfarland,znixon@example.org,"PSC 9871, Box 1946 APO AP 12076",2023-09-23
394,Kim Watts,anthony15@example.org,"16055 Cassandra Shoal Beckyhaven, GU 78836",2024-08-17
395,Carol Love,ldelacruz@example.org,"35326 Edward Locks North Frank, MT 68052",2021-04-29
396,Kathryn King,reneeedwards@example.com,"5322 Lawrence Burg Suite 815 Kellyberg, IN 93010",2020-05-13
397,Ashley Reed,estesdeborah@example.com,"5922 Megan Neck South Ginaside, IL 35399",2022-09-27
398,Craig Ramirez,shortmark@example.org,USNV Wells FPO AP 91932,2021-07-20
399,Candice Bailey,brentperez@example.net,"32072 Green Drive East Holly, AS 99470",2021-07-02
400,Sarah Phillips,griffithkevin@example.com,"190 Rogers Orchard Port Willieshire, DC 59823",2022-05-27
401,Michael Gomez,gregoryfox@example.org,"4425 Ray Summit Kaylamouth, ID 57903",2022-08-17
402,Kimberly Villarreal,pamela43@example.net,"736 Wells Shoals Apt. 095 Nicoleville, AZ 72049",2022-08-20
403,Randy Wells,angela72@example.com,"93316 Martin Burgs West Meghan, AK 73959",2021-05-08
404,Joseph Rowe,heather29@example.com,"64609 Moore Neck Suite 090 New Timothy, HI 61382",2023-07-19
405,Margaret Harper,christopherwatson@example.org,"49455 Jones Coves Nicholasstad, MO 44512",2024-03-21
406,Heather Cook,catherine65@example.org,"94488 John Lake Apt. 961 Williamsonburgh, MI 84434",2023-02-10
407,Tanner Anderson,hillandrew@example.net,"966 Sarah Haven Apt. 747 North Joshua, RI 46795",2024-09-08
408,Michael Lopez,victoria21@example.org,"4830 Candice Views Suite 271 West Courtney, CT 95406",2021-05-02
409,Mr. Jerry Sanchez,ashley20@example.org,"883 Bell Circles North Barbara, NV 41373",2020-06-25
410,John Crane,margaretcarey@example.org,"547 Bryan Overpass Reynoldsport, AK 96459",2021-09-18
411,Samantha Smith,kayla86@example.net,"67547 Vincent Inlet Apt. 635 Kyletown, NV 18876",2023-05-12
412,Gail Ortiz,jessica64@example.com,"570 Coleman Lane Brendahaven, MS 16529",2021-11-30
413,James Lee,sara88@example.org,"96894 Mary Throughway Anthonystad, TN 17775",2022-05-21
414,Veronica Powell,richrachel@example.net,"0931 Whitaker Via Amberland, SD 64191",2024-08-01
415,Kathy Richard,bhunt@example.org,"547 Downs Islands Natalietown, MT 45087",2022-08-02
416,Travis Whitaker,jamesthomas@example.net,"652 Rasmussen Estates Suite 754 Crosbyfurt, VT 75559",2024-08-17
417,Jeffrey Peterson,kristina71@example.net,"71485 Berry Points Suite 350 Richardhaven, IA 18921",2020-05-12
418,Matthew Brown,nunezmelissa@example.org,"099 Johnston Underpass New Jeffery, ND 18938",2023-08-05
419,Cameron Boyd,martinezjustin@example.net,"615 Frank Stravenue Evansside, AL 28233",2020-11-16
420,Bruce White,calhounhunter@example.org,"6027 Hill Gardens Suite 979 Lake Davidburgh, KY 21206",2023-09-08
421,Kurt Bowen,tiffanyclark@example.org,"8549 Matthew Common Suite 462 Lake Patricia, TN 94468",2021-10-03
422,Kathleen Monroe,wrightisabel@example.com,"4758 Michelle Courts Bryanmouth, CO 17187",2023-04-08
423,Justin Sweeney,tiffanyjones@example.com,"437 Morrison Villages Apt. 471 Mariaport, NM 69717",2020-04-02
424,Laura Howard MD,matthewhunter@example.org,"17058 Dyer Extension Suite 691 New Erik, AR 15554",2023-01-30
425,Joseph Ramos MD,jenniferwall@example.com,"99748 Monique Extension Apt. 154 Lake Brookemouth, UT 04246",2022-04-11
426,Shelby Mitchell,robertfox@example.net,"1535 Matthew Rapids Suite 872 East Benjamin, VA 31815",2024-07-10
427,Sarah Scott,michellelang@example.com,"0655 Garcia Coves Apt. 090 Lake Annetteport, CT 09414",2024-10-05
428,Kevin Williams,ryanjones@example.org,"92960 Beck Shoal Suite 921 Stewartfort, IL 95439",2022-07-01
429,Albert Fox,kedwards@example.com,"979 Danielle Passage Suite 681 South Davidfort, ME 93511",2020-12-26
430,Veronica Melendez,patricia96@example.org,"409 Mark Stravenue Suite 751 Marychester, CO 18567",2023-09-13
431,Craig Jackson,parksjack@example.org,"31533 Shawn Spring South Jennifer, AS 92163",2023-12-14
432,Elizabeth Clark,mjohnson@example.net,"64889 Williams Inlet East Russell, VA 90277",2022-07-24
433,Norma Bartlett,elizabeth27@example.net,"94640 Jennifer Mission Suite 837 North Amanda, NH 60139",2021-02-13
434,Amanda Ramirez,elizabethherrera@example.org,"29012 Morris Mews Suite 145 New Ashley, MI 14363",2023-01-17
435,Denise Buchanan,kaisergeorge@example.net,"39735 Erin Islands Apt. 319 Lake Nathan, MN 56990",2020-07-30
436,Willie Edwards,terrance39@example.com,"479 Evans Rapid Jeffreyfurt, KS 54784",2021-10-19
437,Brian Rivera,khicks@example.net,"2191 Sarah Ports Suite 535 North John, GU 73109",2023-11-26
438,Christopher Morris,dylan17@example.org,USCGC Joseph FPO AE 30293,2020-08-03
439,Jose Johnson,heather42@example.net,"220 James Key Suite 703 Lorettachester, WV 18118",2020-07-01
440,Lori Hall,velezlouis@example.org,"820 Suzanne Wells Suite 450 Port Elijahside, NC 38646",2021-02-05
441,Ashley Roberts,benjaminrogers@example.org,"4458 Edgar Summit East Nicole, NJ 65684",2020-05-15
442,Chris Mcdonald DVM,adamserica@example.org,"569 Love Crossing North John, SD 77312",2022-07-30
443,John Ochoa,nelsonnicholas@example.net,"817 Joshua Gateway Lake Casey, AZ 58644",2023-02-14
444,Dale Fields,robertcurry@example.net,"17681 Patrick Harbors Suite 397 Taratown, ID 66073",2020-08-28
445,Parker Rice,garciaamy@example.org,"4984 Edward Lane North Michaelbury, KY 95677",2024-07-24
446,David Morton,jody05@example.com,"88292 Lin Pine Bondshire, NV 65060",2021-12-02
447,Kim Carter,danielbutler@example.org,"7508 Edwards Village West Melanie, TX 40338",2022-04-15
448,David Gonzalez,cheryl97@example.org,"47278 Michelle Freeway New Tanyafurt, AL 03692",2023-06-15
449,Seth Decker,hensonkirk@example.org,"84364 Brown Drive Apt. 313 North Dawn, AR 70014",2021-04-13
450,James Morrison,greentravis@example.net,"469 Nguyen Fields Nicholasmouth, GA 98611",2020-10-20
451,Taylor Smith,hughesrachel@example.org,"8105 Kristen Viaduct Port Kelliland, ME 71182",2022-10-18
452,Alexander Edwards,jonesjames@example.net,"42354 Mary Ridges Cruzmouth, NY 25134",2022-06-30
453,Stephanie Guerra,amy86@example.net,"5813 Krista Walks Gonzalezside, CA 32205",2020-10-26
454,Cynthia Martin,dwarren@example.com,"7139 Virginia Meadows West Erica, MT 66307",2020-09-09
455,Charles Rowe,yolanda66@example.org,"57817 Christopher Park Davilatown, UT 43324",2020-09-19
456,Brenda Butler,stricklandjennifer@example.org,"81455 Connor Haven East Jeffreyberg, LA 31846",2023-10-28
457,Jennifer Blair,manuel96@example.org,"5892 Vanessa Wall Apt. 341 Jacksonside, MH 74790",2020-01-06
458,Lance Case,greenronald@example.org,"537 Alexander Groves Port Susan, MN 27202",2023-09-28
459,Thomas Roberts,rbishop@example.org,"30309 Morgan Roads Sotoville, IA 22526",2023-07-05
460,Kimberly Garcia,allisonharris@example.com,"PSC 1706, Box 2205 APO AA 66528",2020-08-28
461,Maria Green,edwardsapril@example.net,"967 Wallace Lodge Apt. 949 East Maxwell, PR 34858",2020-03-13
462,Johnny Whitehead,davidmurray@example.com,"221 Orozco Fork Apt. 208 Piercefurt, NM 53488",2021-08-09
463,Aaron Campbell,jack88@example.net,"2900 Michael Harbor East Derekborough, RI 49299",2024-01-12
464,Bethany Goodman,gregory98@example.org,"081 Anderson Freeway Suite 127 Monicaville, AL 94028",2023-07-04
465,Matthew Molina,cody57@example.net,"708 Villa Stream Apt. 923 Maryburgh, IL 01175",2020-11-02
466,Monica Martinez,jacob71@example.net,"2824 Angela Ville Theresafurt, MT 79009",2022-05-02
467,Jean Ruiz,robin30@example.com,"104 James Prairie Apt. 952 Lake Debra, AZ 80601",2023-01-31
468,Taylor Fowler,irodriguez@example.com,"680 Rebecca Spurs Apt. 130 New Laurieside, NH 39440",2024-08-23
469,David Pollard,yfrye@example.com,"8479 Jennifer Mount Apt. 915 South Nicholasland, ME 69976",2024-09-09
470,Jeffrey Cisneros,gainestheodore@example.com,"0447 Hicks Highway Suite 867 Jacobsonport, CO 88456",2024-02-13
471,Tanya Fletcher,eric47@example.com,"53171 Sherman Turnpike Apt. 805 Weaverbury, TN 38669",2024-06-19
472,Danielle Williams,schmidtjustin@example.com,"507 Victoria Points Apt. 846 New Christina, OH 40078",2021-02-23
473,Jeffrey Patterson,goodwinkatherine@example.org,"561 Marshall Station Suite 120 Port Kevinview, OR 95212",2022-03-01
474,Allison Powell DVM,sylviahowell@example.org,"52746 Billy Extensions Lake Sean, MN 74933",2020-09-11
475,Christopher Martin,yatestravis@example.org,"531 Johnson Trail New Richard, MO 52159",2020-03-13
476,Michelle Salazar,bjuarez@example.com,"36510 Brock Common North Cody, NH 74923",2020-04-18
477,Mrs. Samantha Sexton,whitneyramos@example.org,"438 Carolyn Ports North Danielberg, AZ 43991",2021-06-07
478,Ashley Adams,aschultz@example.net,"4675 Sandra Gardens Sandersville, AL 74947",2022-07-11
479,Bethany Stanton,hpaul@example.org,"21186 Reed Radial Apt. 154 North Abigail, OK 90523",2024-09-10
480,Justin Jones,hollypope@example.net,"72125 Wilson Landing New Davidfurt, MP 95604",2023-05-07
481,Jason Joseph,danduncan@example.net,"97176 Andrea Mills New James, IL 04180",2024-01-18
482,Sean Becker MD,robinsonkimberly@example.com,"106 Snow Turnpike Lisatown, ME 28423",2024-08-08
483,Ruth Henderson,zmcdowell@example.com,"198 Megan Fields Lake Maryview, MA 02357",2020-09-26
484,John Brown,kimberlygonzalez@example.com,"18182 Sandra Light Apt. 767 New Amyville, CO 76245",2023-03-29
485,Tony Parks,frostdylan@example.org,"20784 Daniel Ridges East Gabriel, MN 81583",2023-12-02
486,Stephen Sims,tsmith@example.net,"9183 Johnny Bypass Suite 934 North Evan, GA 42580",2022-10-01
487,Tiffany Lyons,kimgraves@example.net,"8670 Cordova Drives East Joshua, IA 02007",2024-07-08
488,John Valencia,jacquelinehartman@example.net,"66352 Marshall Mall Suite 440 West Johnland, MN 61414",2022-05-31
489,Sherry Cantu,smithrobin@example.com,"498 Lisa Orchard Suite 631 North Crystalport, OR 56391",2023-01-21
490,Paula Carter,daltontoni@example.com,"9172 Ramirez Spurs East Haroldmouth, WV 20413",2022-05-18
491,Tina Miller,williamwest@example.org,"2896 Tyler Highway West Judith, WA 13992",2024-08-06
492,Melvin Webb,mbarron@example.net,"0311 Nicole Crescent West Elizabethchester, FL 81906",2021-11-23
493,Jeremy Bradley,lewissherri@example.com,"7998 Martin Prairie Suite 945 Nicolebury, CO 27619",2024-08-22
494,Teresa Herrera,zamorarobert@example.net,"111 Sanchez Courts Apt. 527 Mullinsport, TN 37198",2020-02-03
495,Mary White,david04@example.com,USNV Jordan FPO AP 94296,2020-08-18
496,Richard Wallace,manuel69@example.com,"047 Kenneth Highway Lake Michael, AK 60113",2020-02-03
497,Tanya Martin,xprice@example.org,"11532 Castro Cape Suite 676 Port Thomas, OK 16327",2021-08-05
498,Jacob Sanchez,batesjennifer@example.net,"6222 Nguyen Plain Apt. 109 Richardstad, WV 29977",2024-07-11
499,Ariel Johnson,qking@example.net,"77294 Lambert Well Apt. 319 Carterside, AL 88212",2020-05-22
500,David Garcia,dwaynelee@example.net,"884 Amanda Grove Suite 817 West Ashleehaven, NE 22528",2020-03-04
