id,name,email,address,date_joined
1,Linda Carpenter,johnny99@example.net,"316 Smith Burg Port Robert, UT 98196",2021-03-30
2,Matthew Bailey,kathryn60@example.com,USCGC Smith FPO AE 79815,2021-06-24
3,Charles Coleman,annebennett@example.net,"155 James Circles Apt. 221 Gomezville, WA 35047",2023-10-05
4,John Small,james49@example.org,"879 Timothy Pass Dawnhaven, AS 96210",2024-03-31
5,Richard Webb,melissa48@example.net,"5667 Bobby Course Apt. 992 Toddton, LA 06290",2024-05-25
6,Erin Davis,ptran@example.net,"14575 Rodriguez Branch Apt. 200 New Donna, WA 41242",2023-07-23
7,Whitney Fleming,shannonduran@example.net,"2172 Myers Trail Port Robert, MA 62713",2022-01-06
8,Donna Ellis,vprice@example.com,"99998 Wendy Prairie Mccormickberg, OH 36582",2023-07-07
9,Dylan Russell,kristina60@example.com,"605 Brandi Fords Lake Tracy, AR 78310",2022-01-12
10,Cody Gonzales,christopherjohnson@example.com,"559 Alexander Garden New Jessicafort, SD 79083",2020-09-06
11,Vanessa Lawrence,cheryl21@example.net,"20748 Sherman Rest New Melissamouth, RI 27956",2024-02-16
12,Penny Buckley,lori13@example.net,"48343 Dawson Corner Apt. 604 Port Jessica, NH 43843",2024-04-03
13,Jeffrey Hill,perezpamela@example.org,"6732 Powers Mountain Denisehaven, ND 99462",2024-06-21
14,Lawrence Herman,stephanie79@example.com,"06791 Walter Court New William, DE 08138",2022-07-26
15,Eric Gross,jonesjohn@example.org,"82231 Sellers Run Morganbury, WY 21372",2024-01-30
16,Devin Rodriguez,ricemartin@example.net,"7533 Fields Stream Apt. 524 East Brandon, TX 73497",2024-03-23
17,Keith Hill,vatkinson@example.org,"5064 Sheila Camp Suite 758 Thomasmouth, CA 41202",2023-09-07
18,Matthew Taylor,hamiltonstephanie@example.net,"1734 Bass Glen Nguyenstad, VT 20458",2022-07-22
19,Cameron Pope,mbauer@example.net,"2062 Michael Wells North Sandraside, ND 85558",2022-12-15
20,Dr. Paula Rogers,ronald30@example.org,"236 Moore Club Suite 667 Lake Charles, UT 88326",2020-04-18
21,Cynthia Gomez,ivanmoore@example.net,"67259 Salinas Alley Suite 819 Sherishire, KY 46100",2020-01-15
22,Lori Durham,westrobin@example.com,"83872 Watkins Roads Suite 816 Port Mikayla, OK 15997",2020-01-05
23,Judy Sanchez,christinawilson@example.com,"172 Chad Junction Hobbsville, IL 63512",2020-09-12
24,Melody Wilson,kylegarcia@example.com,"3675 Heidi Ridges Suite 041 Nelsonbury, CT 14233",2020-08-29
25,Lauren Oliver,thomasjessica@example.net,"6338 Brianna Falls Port Christy, MN 69702",2020-02-20
26,Alexander Robinson,melissa83@example.com,"6958 Justin Port Suite 006 Zavalaville, AZ 02290",2021-02-21
27,Melissa Villa,gchapman@example.org,"9856 Dodson Ridges Apt. 906 East Chris, KS 39122",2024-04-20
28,Daniel Wright MD,marybrady@example.net,"7204 Jones Trace Port Christopher, WI 90786",2021-01-21
29,Stephen Baker,casey81@example.net,"4928 Brenda Row West Matthew, MS 02615",2022-10-17
30,Deborah Cuevas,gtate@example.com,"762 Russell Loop Apt. 240 Port Abigailmouth, KY 60014",2021-01-21
31,Dan Berry,washingtonjames@example.org,"5729 Jeffrey Greens Suite 337 Gallowaybury, AL 21549",2023-06-05
32,Julie Moon,jperkins@example.com,"7868 Tiffany Manor Suite 487 Davidside, NY 31881",2024-01-20
33,Jonathan King,anthony80@example.com,"9281 Jesse Ports Suite 710 Rhodesmouth, FM 05209",2021-10-05
34,Christopher Thomas,trevor46@example.com,"3200 Cruz Mountain Rhodeston, FL 65662",2022-06-22
35,Elizabeth Williams,johnathangutierrez@example.com,"243 Nguyen Stravenue Suite 724 Millerfort, KY 26200",2022-12-20
36,Bruce Eaton,seansaunders@example.com,Unit 9102 Box 9771 DPO AE 27995,2022-09-17
37,Kelly Hughes,stephanie16@example.net,"3308 Anna Greens Apt. 124 Michelleton, NJ 50533",2023-08-12
38,Chad Lewis,ramseymichelle@example.net,"1753 Amy Parkways Apt. 903 East Anne, MA 30232",2023-08-20
39,Katherine Campbell,jerry25@example.org,"64463 Williams Avenue East Timothystad, MI 69544",2023-05-07
40,Kimberly Donaldson,kevinrussell@example.net,"796 Ronald Causeway West Thomas, MT 01434",2022-01-19
41,Nicole Donaldson,vsmith@example.com,"03033 Jeff Trail Catherinemouth, OK 72568",2023-01-17
42,Jason Carlson,yhanson@example.com,"15126 Perez Drives Scottfurt, AR 88430",2022-06-21
43,James Johnson,alexis20@example.org,"2196 Steven Mission North Georgehaven, MP 12005",2023-12-01
44,Bryan Johnson,robertsonscott@example.com,"3978 Donald Route North Harry, VI 51357",2021-08-01
45,Timothy Johnson,kathrynyates@example.org,"PSC 5827, Box 2803 APO AA 18214",2022-11-17
46,Debra Simmons,catherine57@example.org,"2662 Robert Ferry Sharonbury, WA 68035",2022-04-10
47,Joshua Gould,lsalinas@example.com,"653 Matthews Place Suite 832 East Sara, CA 42606",2022-11-19
48,Christopher Roth,rmurphy@example.com,"6160 Cameron Dale North Cindy, VI 56859",2024-08-24
49,Melissa Hughes,nicole85@example.org,"3217 Joseph Corners Suite 555 Matthewmouth, LA 33945",2021-03-14
50,Joshua Welch,bowenpatrick@example.com,"80467 Barbara Mount Apt. 808 Lake Michael, CT 45640",2022-02-08
51,David Brooks,imcclain@example.org,"67623 Scott Rapid Suite 383 Wolfport, NV 79657",2021-05-25
52,Danielle Martinez,fernandeznatasha@example.org,"77383 Gillespie Valleys Apt. 947 Novakmouth, ME 09709",2023-05-07
53,Paula Le DVM,kevingallegos@example.com,"12407 Brady Plains Darrellstad, LA 19577",2023-09-24
54,Crystal Arnold,mary98@example.org,"48332 Brian Plaza Suite 137 Port Tracie, MH 72898",2021-07-09
55,Stephen Lawrence,jonathan14@example.org,"5719 Stone Spring Matthewchester, WA 34586",2022-09-27
56,Marcus Burnett,gregoryballard@example.com,"8566 Dustin Grove Apt. 226 Davidchester, WA 86510",2023-05-08
57,Sean Guerrero,michaelsalinas@example.com,"437 Moore Rest Suite 633 Brandonbury, NM 10955",2022-03-27
58,David Sanchez,burtondavid@example.com,"126 Vicki Roads Suite 897 Rachelchester, FM 70306",2023-08-26
59,Timothy Jones,sonya31@example.com,"712 Ashley Spurs Duarteburgh, PW 83055",2023-09-20
60,David Suarez,armstrongchristine@example.net,"13166 Garcia Lock Suite 301 Greenview, VT 57289",2020-06-29
61,Eric Montes,patricia77@example.net,"82632 Emily Terrace Apt. 293 Josephmouth, IA 45794",2020-06-14
62,Kelsey Carpenter,scotthenderson@example.org,"20272 Rita Spur Port Desireetown, OR 75965",2022-05-31
63,Kyle Green,wpena@example.com,"07268 Hall Drive Hamiltonview, OR 97746",2021-03-27
64,Scott Schmidt,qfoster@example.org,"0573 Cook Rapid Valeriehaven, SC 78062",2024-05-08
65,Patricia Foster,michelebaker@example.org,"295 Collins Roads Suite 699 East Wendy, FM 82830",2020-02-22
66,Daisy Wells,tsmith@example.net,"972 Benjamin Camp Suite 070 Jonesstad, CA 21491",2021-06-04
67,Roger Hughes,breanna26@example.net,"85603 Davidson Club Suite 915 New Jenniferstad, IL 74574",2022-04-19
68,Scott Hughes,mpatrick@example.com,"13417 Cannon Highway Suite 748 Rodgerstown, NH 10795",2024-03-02
69,Leah Weaver,jerry48@example.org,"3493 Lindsay Forge Suite 018 Tinaside, ND 74145",2023-07-09
70,Cindy Pena,gardnermichael@example.org,"72331 Morales Expressway Christopherbury, NH 29306",2023-06-12
71,Deborah Smith,christopher69@example.net,"9888 David Spurs Johnsonland, UT 85325",2024-03-11
72,Richard Joseph,christina03@example.org,"9866 Matthew Extensions Apt. 856 Lake Shannon, VA 21311",2024-08-17
73,Daniel Green,phillipsscott@example.net,"04962 Chen Mall Port Taylormouth, ME 39501",2021-06-15
74,Sara Vang,andersonamy@example.net,"8092 Shane Divide Suite 115 Johnberg, IL 11715",2020-12-20
75,Dr. Kristen Pittman,catherine11@example.org,"3538 Kim Extensions Suite 192 Dennisburgh, MS 97796",2023-04-21
76,Andre Bell,xburnett@example.net,"784 Bowen Squares Suite 787 Clarkberg, VA 33686",2023-05-14
77,Lori Goodman,porterheather@example.com,"5760 Arellano Place Cooperbury, MS 85370",2021-05-27
78,Alexis Nelson,nathanielanderson@example.com,Unit 9317 Box 2510 DPO AP 31931,2022-06-30
79,Jessica Barker,iadams@example.net,Unit 3425 Box 7134 DPO AE 80371,2022-10-03
80,Thomas Nelson,peter71@example.com,"81274 Pittman Dam New Justin, NM 85700",2022-02-13
81,Zachary Bush,toniwhite@example.org,"2405 Cox Mills Port Tina, CA 32529",2023-07-30
82,Dennis Brown,perezdaniel@example.net,"0343 Philip Branch Apt. 868 Darlenehaven, AR 62190",2023-10-20
83,Jesse Rodriguez,beasleyjoseph@example.net,"36438 Sheppard Course Dianachester, CO 24279",2020-10-13
84,Jeremy Davis,lburns@example.org,"62603 Bryan Freeway Mitchellmouth, VI 98172",2021-05-22
85,Eric Sanchez,mendezalan@example.org,"PSC 7367, Box 3320 APO AE 44744",2022-12-29
86,Eddie Hickman,taylormichael@example.org,"6465 Soto Harbor Apt. 087 Johnsonmouth, AK 43061",2022-09-01
87,Sierra Bennett,iperry@example.net,"2952 Margaret Brooks Apt. 599 Longtown, NV 24060",2020-10-25
88,Ariel Estrada,jenniferbonilla@example.org,"60337 Mayer Wall Apt. 034 Elizabethton, MA 12846",2021-05-05
89,Lisa Joseph,osmith@example.org,"2519 Johnson Forks Javierstad, MA 93632",2023-02-18
90,Susan Smith,carrie63@example.net,"5682 Wesley Valleys East Michelle, MI 60625",2020-04-21
91,Christopher Walker,bradfordgary@example.net,"861 Stone Unions Apt. 689 North Charlesmouth, SD 31623",2023-03-17
92,Corey Wilson,guzmanjoel@example.org,"874 Knapp Village East Jose, IA 15176",2023-02-01
93,Tiffany Harris,deborah17@example.net,"63506 Salinas Bridge Amandashire, NH 88301",2022-05-03
94,Ashley Holt,donna44@example.com,"0703 Brennan Rest Apt. 326 Petersonstad, FL 48066",2023-03-07
95,Amanda Reeves,fowen@example.com,"5981 Gray Viaduct Ryanside, OK 57072",2020-04-08
96,Benjamin Hanson,coreylewis@example.net,"2385 Williams Islands Davidport, CA 72901",2021-07-08
97,Laura Anderson,shannonsmith@example.net,"1394 Richardson Port Suite 544 Lake Claudia, ND 74063",2022-03-27
98,Katherine Smith,janetjackson@example.net,"218 Guerrero Hill Suite 667 Williamland, MI 51531",2020-01-31
99,Susan Boyd DDS,xphillips@example.net,"4460 Huff Heights Holmeschester, WA 38988",2024-07-01
100,Samantha Henson,brittany35@example.org,Unit 3796 Box 8937 DPO AP 95919,2020-10-27
101,Kimberly Williamson,alejandro98@example.org,"46817 Garrison Neck Lake Angela, PW 93801",2024-04-13
102,Melanie Dalton,heather28@example.com,"8354 Sarah Expressway Apt. 216 Franciscotown, KS 28670",2023-11-02
103,Sandra Garcia,johnsonzachary@example.org,"84512 Jeffrey Camp Suite 124 South Isaiah, MA 44378",2023-02-03
104,Dustin Ferguson,eric91@example.net,"59548 Smith Hill Floresburgh, NY 98805",2023-09-12
105,Alicia Morgan,carrie03@example.org,"2881 Ruiz Ports Aliciabury, VI 84954",2024-06-21
106,Jack Booth,kenneth38@example.net,"565 Jones Pines Apt. 128 Brittanyfort, IN 78980",2020-04-23
107,Lauren Villegas,smithsara@example.net,"7785 Miller Gateway Woodsview, NY 69394",2022-09-28
108,Diana Esparza,kenneth96@example.com,"385 Hansen Corners Raymondbury, ID 14825",2021-04-30
109,George May,hwilson@example.net,"101 Jones Heights Sabrinaside, MN 80105",2022-07-17
110,Daniel Price,melissaparker@example.net,"078 Ray Fords Suite 793 Josephside, MO 74613",2020-11-02
111,Emily Garcia,oliviafriedman@example.com,"645 Stokes Ridges Suite 811 Fischershire, NM 88526",2023-04-24
112,Penny Wells,loriyoung@example.org,"11908 Kelly Mount Suite 710 New Rachelmouth, UT 42204",2022-08-29
113,David Carson,susan31@example.com,"9957 Whitehead Bypass Suite 488 Chavezbury, MH 43366",2020-03-29
114,Rebecca Smith,ncunningham@example.net,"210 Jenkins Row Apt. 296 Wrightmouth, MH 14531",2023-08-01
115,Gerald Stevens,latasha61@example.com,"29882 Colon Fork Andreaville, PW 17043",2021-10-13
116,Robert Green,madison39@example.net,"5986 Robertson Villages Suite 670 North Michelle, NE 74475",2020-08-22
117,Kayla Young,zarmstrong@example.com,"03157 Sherri Underpass New Brenda, NE 07067",2020-06-03
118,Thomas Price,fishervalerie@example.org,"627 Roy Rapid Apt. 973 Lake Ryanbury, MP 09430",2020-08-04
119,Jeremy Vargas DDS,coheneric@example.org,"0450 Elizabeth Island Apt. 539 Thomashaven, HI 55793",2022-07-18
120,Jaime Daniels,rogerchen@example.net,"38461 Brock Ports Davidstad, ME 74160",2021-07-06
121,Karen Price,josephgordon@example.org,"18692 Raymond Curve Suite 701 Howellmouth, KY 67504",2021-12-05
122,Cindy Thomas,gina16@example.com,"4732 Mary Mews New Derekview, PA 36607",2024-09-02
123,Mandy Thomas DDS,macdonaldchristina@example.org,"2586 King Greens Padillamouth, GA 45369",2024-05-14
124,Jacob Herrera,jacksoncatherine@example.com,"42613 Matthew Parkways Port Nicole, CO 20010",2024-05-02
125,Joanna Gordon,angela41@example.com,"255 Phillips Street Valenzuelaview, AL 69832",2023-04-07
126,Christine Baker,tanyathompson@example.org,"8934 Turner Isle Apt. 181 Josephville, NE 95654",2022-03-12
127,Dillon Burke,haleybuckley@example.com,"511 Danielle Plains Linville, MD 69627",2022-03-29
128,Kaitlyn Tapia,christianbooth@example.net,"96376 Lam Coves West Garrett, IL 37944",2024-07-09
129,Ariel Bowman,yrandall@example.com,"82686 Rodgers Pike Apt. 029 Martinchester, DE 82919",2024-02-22
130,Bryan Garcia,wrightadrienne@example.net,"0401 Harrison Creek Saramouth, MA 93439",2022-06-27
131,Stephanie Arellano,robertsandoval@example.net,"21606 Sawyer Mill Burnettstad, NC 17273",2022-01-26
132,Erika Lee,braytimothy@example.com,"39778 Jason Islands Apt. 018 Derektown, ID 88646",2021-10-10
133,Phillip Anderson,brent13@example.org,"231 Nelson Square Suite 881 Alexismouth, MO 01188",2021-11-26
134,Kelly Scott,simpsonrichard@example.org,"0678 Carter Lane Suite 537 Harrellview, OH 48985",2020-03-05
135,Hailey Smith,anthony34@example.org,"4044 Paul Cape Thomasside, PA 65220",2020-04-28
136,Angelica Cole,cruzchristopher@example.net,"582 Burns Plains Waltersville, NC 49521",2020-09-04
137,Scott Garcia,michaelrobinson@example.net,"9030 Cindy Mall Apt. 530 Youngville, NM 38323",2021-05-28
138,Jeffrey Robertson,danielfranklin@example.com,"400 Patel Walk Apt. 416 New David, VI 50065",2024-10-04
139,Laura Ramirez,yromero@example.org,"448 Laura Rue Curtisshire, IN 05116",2020-01-03
140,Christine Nelson,jonathan82@example.com,"0245 Catherine Viaduct Kirstenside, IL 68636",2021-10-01
141,Katherine Taylor,carriegolden@example.net,"28209 Banks Cape Apt. 321 Scottfurt, UT 26861",2021-10-26
142,Laura Kennedy,bondjustin@example.com,"7890 Frye Views Suite 843 North Brookeburgh, CO 30405",2021-10-31
143,Michael Butler,chamberslori@example.net,"4557 Farrell Squares Suite 572 New Holly, NC 63211",2020-12-21
144,Barbara Carr,monica45@example.net,"46549 James Pines Apt. 334 Port Zacharyberg, MO 81586",2023-09-10
145,David Wilson,brandonmedina@example.com,USCGC Choi FPO AA 41450,2020-10-13
146,Audrey Mitchell,darlene04@example.org,"4042 Murphy Greens New Paigebury, UT 24126",2022-04-04
147,Damon Vasquez,michaelyoung@example.com,USNV Maldonado FPO AP 87479,2024-03-09
148,Dawn Richardson,jay39@example.com,"05712 Desiree Ranch Suite 908 Sarahton, MI 20370",2020-08-17
149,William Mccann,tommyjohnson@example.net,"5062 Estes Skyway Suite 227 Freyport, IN 51223",2022-01-18
150,Edwin Patterson,rallen@example.org,"489 Brewer Wells Suite 728 West Lindaside, CA 23825",2020-02-07
151,Jared Nichols,mdaniels@example.org,"168 Evans Harbors Chelseabury, KY 18759",2023-06-26
152,Tammy Sanchez,kimberly08@example.com,"430 Taylor Canyon Apt. 541 Josephmouth, NJ 42813",2024-01-02
153,Brett Edwards,timothy81@example.org,"54441 Underwood Ramp South Brian, VA 43478",2020-07-21
154,Steven Walker,danielle91@example.net,"32441 Wheeler Ports Apt. 184 North Rhondafort, GA 68861",2023-03-25
155,Emily Miller,mcculloughcarlos@example.org,"58090 Douglas Drives Suite 786 New John, KY 38382",2020-05-11
156,Ruben Randolph,pamela61@example.com,"96766 Thomas Pines Apt. 044 East Bradley, MS 84854",2020-02-18
157,Rachel Serrano,ricky89@example.net,"93007 Short Avenue Apt. 014 Lake David, KY 26136",2023-07-03
158,Alicia Gardner,barbarabowman@example.com,"6740 Audrey Springs Rebeccafort, RI 50354",2023-03-16
159,Kathy Khan,lisa48@example.net,Unit 4264 Box 4242 DPO AE 25947,2022-02-08
160,Mark Lucas,sheabenjamin@example.org,"80584 Angela Lakes West Deborah, PW 22260",2023-07-13
161,Juan Powell MD,ashley14@example.com,"66701 Mcgee Wall Apt. 711 South Deborah, WY 32525",2020-03-05
162,Daniel Townsend,patricia64@example.org,"2717 Kristina Islands New Keith, ID 90142",2022-04-17
163,Mike Brooks,deborah24@example.com,"06876 Farrell Pike Suite 153 Kiddmouth, CO 78943",2023-03-15
164,Stephanie Peterson,leahsanders@example.net,"709 Kaylee Estates Jamesbury, ND 75865",2023-06-05
165,Brooke Gomez,william45@example.net,"21414 Martinez Curve Suite 821 Port Danielmouth, GU 97899",2022-10-07
166,James Christensen,jamespoole@example.net,Unit 8239 Box 0807 DPO AP 57778,2021-08-21
167,Gabriel Scott,dtanner@example.org,"91343 Wilson Summit Apt. 034 East Julieborough, WI 85355",2022-06-03
168,Heather Horton,tuckerrandy@example.com,"995 Miller Gateway Apt. 957 North Elizabethville, AZ 75973",2020-08-10
169,Teresa Hinton,asummers@example.net,"067 Obrien Ferry Suite 074 Port Chelseashire, MO 28864",2021-08-26
170,Mark Cohen,michelle65@example.org,"386 Deborah Mission Suite 690 Perezside, KY 94906",2023-09-22
171,Stephen Chung,cwarner@example.com,"8069 Joseph Valleys New Jackstad, ND 79303",2020-05-16
172,Kevin Nolan,tannerkatherine@example.com,"7362 Rachel Landing Port Lisa, OH 12399",2022-11-08
173,Jack Bennett,bclements@example.com,"5371 Ronald Point Apt. 940 Brandonfurt, NY 37682",2022-12-22
174,Lauren Gillespie MD,averyshannon@example.com,"3381 Teresa Station Hickshaven, NC 18741",2023-12-09
175,James Hanson,royjason@example.org,"669 Gina Hill West Paul, RI 36238",2020-01-03
176,Maria Castillo,fowlersandra@example.org,"00605 Andrews Park Suite 328 West Jodi, MO 67030",2022-02-27
177,Angela Nelson,pthornton@example.com,"0729 William Fords Apt. 267 Schultzton, AZ 19821",2022-02-17
178,Katie Smith,zarmstrong@example.org,"09227 Robertson Lane Lake Brittney, NV 53842",2020-02-11
179,Lindsay White,hubbardvincent@example.com,"PSC 3618, Box 5058 APO AE 23367",2021-09-19
180,Samantha Warren,courtneyallen@example.com,"39639 Young Plain Apt. 574 West Holly, NV 27881",2023-10-03
181,Adam Hall,john76@example.net,"48648 Charles Crossing Campbellton, MO 47256",2021-09-15
182,Erin Perez,sally91@example.net,"9232 Ashley Hill Apt. 079 West James, IL 64605",2022-09-07
183,Linda Romero,tclay@example.com,"533 Vanessa Mills Suite 521 West Kimberly, OK 57131",2021-07-22
184,Kevin Donaldson,michaelroberts@example.com,"721 Gregory Pike Kelseybury, PR 89496",2023-09-18
185,Robert Mckinney,tylershelton@example.org,"461 Hamilton Park Suite 633 Lake Kenneth, MD 37901",2022-08-18
186,Jesse Salazar,catherine89@example.net,"37174 Deborah Ports West Sylvia, MN 16760",2024-03-09
187,Amy Cruz,reyesruben@example.net,"647 Roy Trail Apt. 264 Muellerbury, GA 17150",2020-07-28
188,Angela Thomas,jamesbutler@example.net,"7750 Salazar Extension Suite 991 Greenburgh, IA 93198",2021-10-27
189,Geoffrey Perkins,jeremyrivera@example.org,"5463 Beck Crescent Suite 910 Douglasside, NV 58708",2020-03-28
190,Kim Scott,sford@example.com,"2464 Trujillo Ramp Suite 416 Michaelberg, OK 43181",2020-11-21
191,Kayla Martin,jefferymartin@example.org,"36698 Miles Shoals Apt. 756 Jamesshire, NY 27322",2023-09-16
192,Jennifer Webb,deborah89@example.net,"50222 Vasquez Mountains Apt. 791 Alexisview, DC 94931",2021-05-04
193,Thomas Allen,wilcoxcory@example.com,Unit 7127 Box 0093 DPO AE 75928,2023-05-31
194,Maria Garcia,ronnie11@example.org,"666 Campos Port Apt. 459 North Lisafurt, AS 95626",2024-01-31
195,Justin Garcia,rebecca23@example.com,"2589 Rios Avenue Hughesstad, AS 42395",2023-10-20
196,Justin Miller,kennethluna@example.com,"42206 Samantha Hill West Caseyfurt, TN 10625",2020-12-22
197,Anthony Johnson,shafferchristy@example.com,"95385 Arnold Passage Suite 568 East Josephfurt, VT 31093",2022-04-18
198,Cynthia Higgins,troy02@example.net,"20331 Thomas Dam Ronaldland, WV 21821",2020-08-10
199,Christopher Martin,paulhughes@example.org,"1895 Rosario Village Suite 589 Maryview, LA 39466",2020-11-02
200,Barry Clark,christinakerr@example.org,"994 White Divide Carmenberg, UT 62285",2021-07-11
201,Carrie Ortiz,dmueller@example.org,"8389 Mckenzie Path Suite 600 Kellyland, KY 10899",2024-06-03
202,Tracy Young,johnbrown@example.net,"6598 Payne Stream Suite 799 New Barbara, SD 75117",2024-07-03
203,Kimberly Ross,brookejohnson@example.org,"82307 Kristina Burg Apt. 757 Lake Jacqueline, MD 69303",2020-05-19
204,Samantha Gonzalez,ruben44@example.com,"86951 Love Creek Drakeland, NM 21392",2023-09-12
205,Ashley Barr,tjenkins@example.net,"277 Kayla Park Lake Reginashire, AR 41213",2022-04-11
206,Jessica Johnson,phillipmiles@example.org,"6194 Morris Locks Suite 688 South Ellen, NE 05252",2023-02-22
207,Adrian Gonzales,fisherronnie@example.org,"9572 Sandra Estates Apt. 207 North Leslieview, TX 51478",2024-05-16
208,Paul Padilla,iarnold@example.com,"4337 Smith Lock South Gailview, KS 59134",2022-10-02
209,Brandi Knight,medinatabitha@example.com,"43959 Troy Coves North Ashley, VA 78242",2021-08-23
210,Teresa Contreras,brian18@example.org,"3613 Joseph Plains Suite 867 Jessefurt, WY 07071",2023-04-19
211,Alexandra Soto,clarkjacqueline@example.net,"713 Morgan Manors Apt. 582 South Stacy, MP 46186",2020-05-02
212,Tiffany Vincent,wmoore@example.org,"94230 Karen Coves Suite 336 Wrightstad, HI 58842",2022-04-18
213,Jeremy Anderson,hurstsheryl@example.org,"91559 Murphy Field Port Albert, TN 19543",2022-09-14
214,Veronica Graham,markporter@example.org,"603 Emily Mountains Suite 539 Wardchester, WI 23581",2021-01-20
215,John Heath,obriennathan@example.com,"1703 Derrick Alley Apt. 849 West Amberchester, OK 24852",2024-07-27
216,Trevor Robinson,davidmendoza@example.com,"41288 Davis Route Apt. 896 Wrightchester, ME 82189",2020-09-25
217,Matthew Martin,vjones@example.net,"49778 Amanda Turnpike Suite 522 South Joshuahaven, AL 38347",2022-06-26
218,Gerald Cherry,lyoung@example.net,Unit 4437 Box 2500 DPO AE 42845,2022-02-19
219,Jeffrey Wilson,sabrina72@example.org,"60069 Calderon Street Apt. 040 Evanstown, AR 76030",2021-09-24
220,Christopher Weeks,millsbrent@example.net,"PSC 2308, Box 7471 APO AE 65734",2023-09-24
221,Kimberly Hill,imitchell@example.com,USS Swanson FPO AE 45632,2024-05-11
222,Douglas Jones,ncantu@example.com,"0195 Woods Heights Suite 695 Karenland, WA 29475",2022-11-15
223,Mark Brown,miranda79@example.net,"28037 Timothy Forest Joelburgh, MD 43723",2023-08-06
224,Bethany Carroll,morgantaylor@example.com,"6073 Grant Lights Lake Keithmouth, AZ 11751",2022-08-08
225,Tony Richardson,rboyle@example.org,"63807 Anthony Forges East Jeremy, MA 83188",2021-02-28
226,Trevor Drake,ghenderson@example.com,"6972 Salinas Drive Apt. 151 Floreschester, WY 54239",2022-02-09
227,Pamela Smith,amandacombs@example.net,"28032 Donna Radial Suite 642 New Dakota, DC 17921",2020-11-25
228,Lori Myers,williamholmes@example.net,"00655 Richard Shores Frederickside, OR 37430",2024-09-03
229,Jason Li,brittanyjones@example.net,"6823 Mills Roads Apt. 230 Sabrinaton, FL 03819",2024-05-19
230,Kristy Woods,breannawatts@example.net,"855 Jackson Way Apt. 536 Lake Christopherborough, DC 86049",2024-05-09
231,Kristin Barry,jennifer76@example.com,USCGC Thompson FPO AP 91570,2023-09-09
232,Dylan Patrick,scott55@example.org,"88310 Matthew Inlet Apt. 295 Lake Timothy, RI 30402",2021-05-04
233,Tanner Ford,scott76@example.net,"PSC 7711, Box 7273 APO AA 10556",2024-04-22
234,Shawn Ellis,diana56@example.com,"80710 Castro Corners East Colleenburgh, WV 17232",2020-07-10
235,Jamie Ibarra,paul06@example.com,"973 Bobby Tunnel Ronniehaven, WV 27324",2023-11-15
236,Joseph Anderson,afranklin@example.com,Unit 2535 Box 7814 DPO AE 19707,2024-05-12
237,Sarah Lynch,nguyenangela@example.org,"6588 King Views Apt. 036 Lake James, IN 84780",2022-10-08
238,Robert Scott,cmccoy@example.org,"21530 Moore Courts Apt. 037 Ashleeview, IA 41793",2021-02-24
239,Nancy Perry,katherine32@example.org,"660 Ashley Flats Lake Tracy, OK 05378",2021-07-11
240,Kari Peterson,ybrock@example.net,"341 Jesse Mount Apt. 647 South Calvinberg, OH 50291",2020-08-04
241,Gregory Norris,flopez@example.com,"897 Atkins Cape North Michael, OK 28593",2024-06-30
242,Rachel Nelson,michellemcdonald@example.net,"946 Campbell Mills Suite 265 New Haley, MD 50638",2023-04-11
243,Tanner Nichols,msmith@example.net,"7735 Adrienne Viaduct Webbport, DE 86004",2021-10-29
244,Brett Brennan,dustinwright@example.net,"74029 Kevin Turnpike Apt. 032 New Laura, NC 17896",2021-05-19
245,Emily Rodriguez,thomasanthony@example.com,"191 Woods Squares Zavalashire, IN 18408",2022-12-10
246,Sara Patel,dillonjohnson@example.org,"31073 Mark Drives Apt. 180 Simmonsburgh, CA 28326",2024-09-09
247,Amanda Weeks,mitchellstanley@example.com,"61101 Kelley Brooks West Lee, TX 70120",2022-12-25
248,Scott Graham,collin61@example.net,"2400 Michael Dale North Angel, MO 99107",2022-08-05
249,Todd Walker,davidfigueroa@example.org,"14787 Brown Cliffs Moralesbury, ID 47432",2021-09-27
250,Theresa Green,llevy@example.com,"909 Flores Center Port Davidfort, PW 03728",2021-01-15
251,Ronald Johnson,jacobherrera@example.org,"95887 Bell Dam Suite 568 Jenkinsburgh, NC 21924",2021-10-08
252,Kenneth Gonzalez,hperez@example.net,"7149 Scott Rapid Cunninghamborough, MN 44650",2023-10-13
253,Elizabeth Washington,stephen90@example.org,USNS Ali FPO AP 58978,2020-01-04
254,David Lowe,regina09@example.org,"928 Hunter Valleys Suite 076 Lake Yeseniaport, NE 62667",2020-07-15
255,Breanna Sharp,jcollins@example.org,"6701 Brittney Points Suite 419 North Cynthiaport, LA 65007",2024-09-20
256,Megan Blackburn,sabrina87@example.org,"9857 Douglas Lakes South Mallorytown, AR 35490",2021-02-26
257,Frank Gomez,lmoore@example.net,"8606 Kayla Summit Port Luis, MD 34374",2022-12-31
258,Ashley Gomez,georgeellis@example.org,"1564 Wilson Radial Suite 836 North Debbieborough, GA 60753",2020-05-25
259,Ann Avila,randerson@example.net,"30208 William Way South Johnton, IN 70870",2024-02-17
260,Glenn Dunn,watkinsnichole@example.org,Unit 7173 Box 2011 DPO AE 53272,2023-08-21
261,Kimberly York,jessica23@example.com,"41838 Jackson Cliff Hermanfurt, AS 71682",2023-08-13
262,Frederick Stewart Jr.,mark35@example.net,Unit 1668 Box 6616 DPO AA 40549,2021-12-04
263,Joseph Mueller,sergio33@example.net,"9230 Berry Mountain Suite 964 Lake Justinborough, RI 13026",2022-12-20
264,Rebecca Burke,abbottstacy@example.com,"117 Powers Drive North Jamieside, NC 24133",2023-09-15
265,Robert Lester,sjones@example.org,"41220 Kelly Mountains Suite 180 Samuelberg, GA 48203",2022-04-30
266,James Warren,mmurray@example.net,"144 Vargas Knolls Apt. 597 South Lisatown, TX 65306",2024-07-28
267,Michael Armstrong,emcguire@example.org,"3687 Derrick Ridges Sarafort, IA 92096",2023-04-24
268,Jennifer Cox,matthew68@example.org,"157 Williams Ferry Amyton, ME 24519",2022-09-26
269,Michael Meadows,leslie19@example.org,"913 Nancy View North Bernard, GU 28948",2020-06-21
270,Joseph Hernandez,sarah44@example.net,USNV Liu FPO AE 27606,2023-11-28
271,Adam Brown,trujillochris@example.com,"4663 Kennedy Ramp Suite 017 West Markbury, VA 26783",2020-11-16
272,Nicole Allen,lorrainebarnes@example.org,"35601 Miller Cape Port Leslieside, NM 45985",2021-07-04
273,Earl Martin,klarson@example.net,"21312 Sandra Fork Suite 993 Garzatown, NC 89982",2021-02-14
274,Isaiah Jones,cervantesraymond@example.org,"9587 Meyers Keys Phelpshaven, OK 97527",2020-12-01
275,Mike Gonzalez,terry97@example.net,"0213 Eric Island Gonzalezview, NE 32416",2024-03-15
276,Adam Murphy,atkinsonmichael@example.com,"719 Acosta Mountain Suite 394 Amybury, NY 02282",2023-12-23
277,James Evans,jeffreyjohnson@example.net,"824 Dunlap Lake Apt. 006 Kellyport, NC 65700",2021-08-28
278,Mary Figueroa,natalie81@example.org,"73212 Johnston Pines West Elizabeth, NM 54519",2021-03-26
279,Jeffrey Hughes,maldonadobrandi@example.com,"807 Tammy Corners Apt. 356 Port Michael, MA 95783",2023-04-17
280,Mark Bryant,wrightkristen@example.org,"74000 Williams Loop Juliaborough, OH 12243",2023-08-04
281,Matthew Owens,xnewman@example.com,"482 Rangel Trail Suite 227 Matthewsfort, VT 09276",2021-06-16
282,Adrienne Murphy,andrewgarza@example.com,"9763 Howard Drives Suite 388 Walkerview, MA 63183",2023-02-25
283,Jacob King,rodriguezjennifer@example.com,"9072 Rios Ramp Apt. 921 Millerbury, NC 06294",2024-09-10
284,Rita Conner,lweaver@example.com,"85073 Samuel Rue New Adamburgh, MS 16108",2020-07-31
285,Christopher Bean,steven60@example.net,Unit 2295 Box 5048 DPO AA 56302,2021-02-01
286,Wendy Reid,donald54@example.com,"0738 Stephen Groves Suite 398 North Kennethside, FL 55043",2023-07-16
287,Vanessa Hudson,hrichardson@example.com,"194 Robertson Islands Wardside, GA 23263",2021-03-13
288,Jennifer Peterson,ochavez@example.org,"35243 Roberts Passage New Michaelport, HI 89003",2022-07-22
289,Nicole Schroeder,arieldunn@example.net,"75509 Fowler Branch Suite 393 Port Jasonfort, NH 93039",2020-12-05
290,Christopher Leach,smithdavid@example.com,"7647 Nelson Court Suite 344 North Craigmouth, AR 13278",2021-05-06
291,Hannah Young,frodgers@example.com,"65783 Kirby Avenue Calebbury, MT 65225",2024-02-27
292,Lindsey Clark,wtrevino@example.net,"PSC 5760, Box 7944 APO AE 38786",2020-10-10
293,Stacy Watson,justinriley@example.net,"8214 Jennifer Branch Apt. 356 West Jeffreystad, NJ 94565",2022-05-03
294,Jason Burgess,nicolemckinney@example.org,"3604 Samuel Prairie Apt. 365 Chavezburgh, IL 26730",2020-09-28
295,Nicole Smith,mmitchell@example.com,"917 Gilbert Fork Suite 141 Connerside, IA 40638",2020-05-02
296,Anthony English,matthewdavis@example.org,"1592 Young Tunnel Suite 157 Lake Wayneberg, AL 04966",2024-05-11
297,Marcus Adams,elizabeth54@example.com,"13375 Justin Crossroad Edwardstown, TX 99502",2023-04-14
298,Jonathan Thomas MD,matthewwallace@example.org,"806 Robert Radial Suite 695 Williamborough, PW 06254",2020-04-03
299,Donald Smith,christopher86@example.com,"42443 Hannah Expressway North Christineside, DE 03884",2022-12-27
300,Elizabeth Burns,cheryl27@example.com,"416 Calhoun Expressway Heidiland, MT 18806",2020-02-13
301,Dr. Michael Kirby,rcampbell@example.org,Unit 6591 Box 9344 DPO AP 35848,2022-09-01
302,Diana Lewis,laura26@example.org,"3002 Goodman Lock Suite 377 Michelleborough, LA 89734",2022-02-26
303,Michelle Randall,ustanley@example.com,"36494 Ana Common Suite 248 Hernandezfurt, CA 87911",2023-07-29
304,Robert Dawson,gcampbell@example.net,"0322 Chaney Springs Matthewhaven, ND 63711",2024-04-26
305,Michael Stevens,ydavis@example.com,"89879 Michael Flats Norrishaven, MP 81839",2022-09-07
306,Kelsey Sanders,jillherrera@example.org,USNS Olson FPO AE 17988,2024-08-29
307,Micheal Torres,andrewperez@example.org,"905 Annette Shore Port Michaelland, MH 60470",2021-05-08
308,Brian Sanchez,jennifer45@example.com,"9473 Dyer Avenue West Marie, TN 12507",2020-03-06
309,Carlos Bryant,omorales@example.org,"462 Jacob Prairie Watsonberg, MO 51766",2023-12-07
310,Henry Williams,hernandezdarren@example.net,"58523 Carter Neck Apt. 803 Port Ryanfurt, SD 52897",2024-01-02
311,Monica Gutierrez,powellcarly@example.com,"1126 Robert Crossroad Apt. 453 Lawsontown, NM 85925",2020-11-27
312,Spencer Griffith,nicole51@example.net,"197 Mills Greens Apt. 133 Weberberg, FL 85462",2021-02-28
313,James Peters,brownscott@example.com,"8865 Stephanie Keys Apt. 785 East Ericfort, NC 47901",2024-03-01
314,Mary Rogers,jonesrebecca@example.com,"81213 Hughes Hollow Apt. 376 South David, CT 50582",2020-02-03
315,Chad Johnson,eford@example.org,"553 Frye Isle Ronaldport, NJ 19069",2023-07-14
316,Brenda Doyle,hayneslee@example.com,"4696 Thompson Walk Hudsonmouth, NY 97535",2020-09-01
317,Ronald Moody,eric95@example.net,"1305 Brown Turnpike Port Robert, NV 29775",2024-08-16
318,Wanda Galloway,anthony86@example.com,"067 Mason Shore Suite 923 West John, AL 01687",2023-09-07
319,Marc Palmer,jamie81@example.com,"862 Brian Plain Apt. 167 Billychester, HI 35854",2020-01-07
320,Billy Perez,pollardmichaela@example.org,"495 Jones Loaf Suite 704 New Thomaston, DE 53890",2020-10-21
321,Jessica Long,erica55@example.org,"015 Travis Mount Harringtonbury, ID 43751",2022-06-01
322,Ronald Kelley IV,descobar@example.net,"25024 Rebecca Road Molinaton, OH 91460",2022-04-11
323,Mark Martin,morrisaaron@example.org,"24977 Tina Extensions South Jasonstad, NY 17513",2024-05-20
324,Jamie Hicks,adamrodriguez@example.com,"PSC 9041, Box 8276 APO AE 81699",2023-09-09
325,William Gomez,allenjustin@example.org,"57854 Baldwin Wall Miaborough, VI 07439",2023-11-20
326,Anthony Martin,jeremycastillo@example.org,"72390 John Plaza Apt. 947 Coreyhaven, FL 04844",2021-07-02
327,Jenny Lee,brooksmichael@example.org,"761 Chapman Loop Moranshire, FM 69824",2020-12-02
328,Brian Walls,matthewpratt@example.org,"3824 Vickie Knolls Suite 804 East Brent, WY 96272",2023-01-26
329,Matthew Ferrell,hernandezmark@example.net,"13893 Amber Lights Apt. 021 North Tammy, OR 45377",2024-01-13
330,Dr. Christopher Cox,ydunlap@example.net,"7277 Olivia Rue Apt. 586 Lake Amyburgh, TX 07693",2022-01-23
331,Amanda Johnson,johnny81@example.net,"71074 Kelley Center Kristymouth, IA 46618",2022-02-28
332,Parker Fleming,zmartin@example.com,"PSC 6812, Box 9521 APO AP 22025",2021-07-04
333,Alison Patel,nrodriguez@example.com,"311 Keith Crescent Apt. 319 Arnoldtown, MN 22354",2020-06-28
334,Kathryn Ewing,adamreilly@example.com,"9236 Smith Mall Danieltown, TN 52799",2021-07-09
335,Michelle Martinez,plopez@example.net,"36047 Thompson Station Kristinside, CA 82642",2022-10-27
336,Sarah Robbins,sullivanbrian@example.org,USNS Fox FPO AE 99197,2022-03-30
337,Heather Smith,qroy@example.net,"141 Jose Flat Apt. 456 East William, NE 31700",2024-03-19
338,Bridget Anderson,jameskevin@example.net,"4939 Murphy Court Suite 482 Lopezton, SD 33413",2022-11-06
339,Peter David,costaandrea@example.org,"9254 Crystal Mountain Apt. 546 Dennisbury, ME 05967",2023-05-20
340,Sherry Shea,samantha58@example.org,"PSC 2760, Box 2858 APO AA 14304",2022-01-07
341,Brandon Horton,scott92@example.org,Unit 3827 Box 0616 DPO AP 95877,2023-04-10
342,Felicia Smith,jmathis@example.com,"5859 Ashley Islands Apt. 540 South Kirsten, NV 12989",2022-09-16
343,Wayne Parsons,amayer@example.net,Unit 7970 Box 8873 DPO AE 19803,2023-04-27
344,Kim Weeks,npayne@example.org,"2058 Lee Valleys Jonesfort, KS 67962",2023-07-03
345,Martha Davis,ramirezian@example.net,"712 Ramos Wells North Charles, NH 25649",2022-12-23
346,Clinton Hill,toddshaw@example.com,"22056 Romero Views New Eric, TX 82880",2022-05-26
347,Elizabeth Grant,agraham@example.org,"092 Christopher Stravenue Jenniferborough, KY 39282",2020-12-22
348,Gregory Bailey,danielle69@example.net,"80162 Snow Walks Martinezmouth, CO 79646",2022-06-14
349,Caroline Little,rossanthony@example.com,"9581 Buchanan Garden West Melissaville, NY 95122",2020-09-21
350,Paul Contreras,johnkim@example.com,"620 Garcia Station Apt. 950 East Jessica, AR 23236",2024-03-24
351,Alexander Willis,mitchelljames@example.com,"086 Caitlyn Roads Richardville, CO 78960",2024-04-04
352,Mary Davis,melvindiaz@example.com,"65683 Cynthia Squares Apt. 453 Davisborough, NH 63307",2022-05-24
353,Bradley Barajas,xsmith@example.net,Unit 0953 Box 7519 DPO AE 32878,2023-02-23
354,Thomas Rowland,hoffmansusan@example.com,"046 Nancy Bypass Suite 004 Port Jessicamouth, FM 98420",2021-09-27
355,Jeremy Burton,priscillaruiz@example.com,"107 Sanchez Cliff Aprilshire, KY 88847",2021-11-18
356,Alexander Phillips,jeffery13@example.org,"38321 Lane Garden Combsport, AK 13874",2023-05-04
357,Jessica Neal,ashleyaustin@example.com,"5210 Torres Drive Jessicaside, NE 94240",2022-03-29
358,Shaun Pierce,emcclain@example.org,"7516 Schmidt Shore Apt. 202 New Alisha, PR 25481",2020-07-24
359,Kathy Vaughn,joseph07@example.org,"8860 Sullivan Via Suite 819 West Colton, VA 12756",2021-01-22
360,Joseph Blake,djones@example.net,"6348 Mullins Place Apt. 754 Lake Joshuastad, VI 86988",2024-08-17
361,John Webb,whiteheadchristine@example.com,"051 Brittany Square Apt. 483 Patrickview, IL 24610",2023-12-15
362,Teresa Green,michellemckay@example.org,"43299 Harris Glens Port Jonathanfurt, MT 31287",2022-07-06
363,Kenneth Cobb,megan78@example.net,"59344 Cody Mall South Deborah, NM 92760",2020-01-04
364,Rebecca Harmon,robertvelez@example.com,"33814 Johnson Plain Apt. 548 Burkeview, NM 98489",2023-05-11
365,Matthew Roth,owyatt@example.net,"543 Robert Street Apt. 549 Port Tonyafort, MT 06042",2023-04-24
366,Steven Watts,mcguireerika@example.com,"933 Jesse Trafficway Suite 326 Lake Craigport, IN 33772",2024-04-10
367,Chris Fisher,cwoods@example.com,"6140 Sandra Gateway Apt. 337 South Bryanshire, IN 32405",2024-01-21
368,Lisa Morrison,pamelalittle@example.com,"71985 Kristina Crescent Apt. 946 Burkefort, TX 58742",2020-03-07
369,Beth Morgan,johnsonmichael@example.org,"78723 Esparza Fall Apt. 379 Stonechester, TN 66952",2021-02-23
370,Justin Carr,sarah62@example.net,"6454 Kennedy Corner Bautistachester, LA 31537",2023-05-19
371,John Jones,jhill@example.com,"28944 Adams Rue West Diamondstad, WV 90037",2021-02-10
372,Dana Kemp,susanwood@example.com,"PSC 4350, Box 8218 APO AA 19228",2024-06-14
373,Michele Roberts,matthewmcdaniel@example.org,"6043 Rebecca Views Suite 127 North John, SC 45446",2021-02-07
374,Dr. Jennifer Garrison,reesedana@example.org,USCGC Fisher FPO AA 81054,2022-09-30
375,Craig Townsend,samuelward@example.net,USCGC Rodriguez FPO AA 59409,2022-01-15
376,Cynthia Scott,smalltyler@example.com,"3607 David Burg Apt. 946 Garrisonfurt, FM 15069",2021-10-05
377,Tammy Harris,mejiaerica@example.org,"181 Anna Manor Apt. 101 Port Jennifer, MA 77528",2023-05-19
378,Kathleen Wilson,rperez@example.org,"77055 Lyons Glens New Ashleyville, MO 42922",2020-05-01
379,Selena Martin,davidlee@example.com,"00474 Hill Mission Millsmouth, PR 96097",2022-09-16
380,Jessica Wright,terrivargas@example.com,"4390 Walker Harbor Apt. 143 Charlesville, OH 34448",2022-03-22
381,Abigail Hamilton,rgarza@example.org,"8106 William Valley Apt. 780 Feliciamouth, MT 17831",2021-07-07
382,Heather Avery,brownrobert@example.com,"0089 Thomas Common Apt. 024 Craigmouth, NC 29849",2021-11-23
383,Jennifer Graham,dwillis@example.net,"834 Kevin Coves Apt. 054 Haysborough, NJ 92215",2020-12-17
384,Terry Arroyo,gibsonjessica@example.org,"160 Brian View Suite 800 New Meagan, ND 70913",2020-09-10
385,Amanda Young,david48@example.net,"002 Jones Passage North Stephanieberg, MP 41966",2022-04-17
386,Christian Brown,melinda96@example.com,"03753 Watson Haven Bergchester, CO 27240",2024-10-08
387,Ryan Roberts,richardkline@example.net,Unit 0053 Box 6365 DPO AP 82995,2024-08-02
388,Mr. Timothy Young,huntjanet@example.org,"05894 Matthew Village Jonathanhaven, NV 05854",2022-12-06
389,Robert Jackson,ronaldalvarez@example.com,"18408 Nicholas Coves Suite 199 Frederickport, FM 94023",2022-05-10
390,Jamie Andrews,ashleystephens@example.org,"006 Daugherty Wall Johnsonfort, MD 99765",2024-03-09
391,Alexander Jordan,mcmahonmaurice@example.org,"076 Smith Viaduct West Mitchellport, PR 27034",2023-07-06
392,Andrew Montes,vhernandez@example.com,"36597 Dana Camp Yorkfort, SC 91045",2020-10-26
393,Thomas Maldonado,schneidertimothy@example.org,"9408 Williams Inlet New Thomasborough, MT 78664",2021-10-02
394,Joanna Hall,carrie62@example.com,"70760 Edward Isle Apt. 170 Smithville, DE 13654",2021-05-08
395,Meagan Maldonado DVM,anthonyanderson@example.net,"834 Taylor Plains Suite 776 South Nicoleview, OK 23027",2021-11-02
396,Jose Ward,kevinphillips@example.net,"719 Khan Shore North Edward, MS 13976",2020-01-10
397,Rachel Lee,mary64@example.org,"52058 Joseph Plaza Catherineville, NV 45798",2022-09-13
398,Barbara Huynh,anneswanson@example.net,"1268 Smith Ford Johnsontown, SD 87711",2023-12-06
399,Jennifer Cooper,allenkayla@example.com,"32043 Pamela Squares Jackshire, NE 72703",2024-01-21
400,Andrew Walton,james98@example.com,"794 Henson Track Port Dylanside, MT 68445",2021-02-23
401,Natasha Mcmillan,melinda00@example.org,"1822 Kevin Crest Port Shariview, WI 40516",2021-11-22
402,Matthew Taylor,brittanyperez@example.net,"994 Kathleen Harbors Apt. 603 Conwayton, TX 77802",2023-04-25
403,Melissa Griffith,bankscarolyn@example.com,"3574 Katelyn Springs Apt. 533 Elizabethland, FL 65708",2023-02-17
404,Nancy Harding,jasonrichards@example.org,Unit 2079 Box 4480 DPO AP 06386,2023-11-04
405,Zachary Wallace,joshua31@example.com,"61627 Ellis Plaza Richardsonton, MN 73345",2021-09-11
406,Robin Robbins,chapmanmelissa@example.com,"94172 Nathaniel Harbor Apt. 440 Jenkinsshire, VI 75281",2021-12-20
407,Randy Miller,johnsonelizabeth@example.net,"61282 Decker Flats West Kennethfurt, CT 16799",2023-10-21
408,Thomas Higgins,kevinwagner@example.com,"1223 Medina Flats Suite 795 Tylerland, MO 62536",2023-11-20
409,Terri Jones,tyler68@example.net,"43080 Phillips Ways Suite 218 North David, VT 13118",2021-05-27
410,Kristina Morris,grayjuan@example.org,"680 Lin Turnpike Suite 741 North Joshua, NH 36797",2020-03-05
411,Brenda Richardson,christopher86@example.com,"100 John Plain Apt. 404 Paulview, ID 47497",2024-04-27
412,Denise Murphy,pcollier@example.com,USS Rios FPO AA 84950,2020-11-11
413,Jennifer Douglas,laurahurley@example.net,"1601 Stephanie Roads Stephenchester, GU 53934",2023-11-02
414,Christina Mendoza,egriffin@example.net,"821 Nolan Station Suite 477 New Cameronshire, KY 32438",2021-09-19
415,Bradley Lee,jjohnson@example.com,"090 Santos Square Stewartville, MD 76567",2022-07-02
416,Tonya Mckay,graycarolyn@example.net,"0987 Andrew Union Suite 948 Jameshaven, FL 64408",2023-04-29
417,Christopher Gibbs,amathews@example.org,"28989 Michael Skyway South Hayleyview, KY 38635",2022-04-05
418,Bradley Walsh,davisdorothy@example.net,USS Bennett FPO AE 13098,2021-05-18
419,Nancy Lopez,wharris@example.org,"038 Smith Dale Karlabury, AR 88216",2021-06-26
420,Kathryn Sullivan,lopezlisa@example.net,"2435 Mosley Valley Apt. 366 Powellburgh, CA 67179",2021-03-20
421,William Sanders,lisa54@example.org,"768 Byrd Key Lake Denise, WI 06373",2020-03-04
422,Dr. Julie Mann,fwright@example.com,"029 Fisher Light Apt. 676 Kennedyshire, MP 21764",2020-02-02
423,Paul Chavez,gabriellamcintosh@example.com,"3302 Thompson Ridge Suite 161 East Michelle, NE 30832",2020-05-04
424,Wesley Chapman,deborah17@example.com,"72176 Alicia Plains Davisshire, HI 98149",2021-12-20
425,Blake Stein,kathleen40@example.org,"971 Michael Ford Suite 227 Paulland, WA 84358",2023-12-27
426,Amanda Cox,chapmanjeffrey@example.com,"23024 Juarez Hill Jacobsonview, AZ 31169",2021-02-02
427,Marie Bauer,candacefrancis@example.net,"5983 Giles Stream Suite 550 Johnland, DE 98661",2022-05-03
428,Billy Barrera,michaeljohnson@example.com,USS Ashley FPO AE 85261,2021-05-30
429,Emily Rowe,robineaton@example.org,"6279 Joseph Alley Joshuamouth, TX 51307",2023-03-30
430,Dylan Anderson,weavermichael@example.com,"337 Carlson Knoll Suite 207 Lake Jacquelinestad, PW 20885",2020-11-11
431,Victoria Potts,gary24@example.org,"41007 Howard Glen East Amber, LA 42689",2020-06-07
432,John Vang,edavis@example.org,"007 Perez Underpass Bakershire, TX 02070",2024-02-21
433,Jessica Tanner,bennettjulie@example.net,"327 Estrada Mountains Robinsonfurt, VA 22494",2023-06-04
434,Joshua Benson,andreajohnson@example.net,"2185 Jeffrey Hollow Johnborough, FM 49599",2020-12-20
435,Raven Smith,twilliamson@example.org,"22158 Michael Estate Apt. 887 Hernandezview, MT 38770",2021-12-13
436,Kurt Miller,jessicarodriguez@example.org,"521 Richmond Ford Davenportport, AR 46639",2020-08-14
437,Ian Williams,jon04@example.net,"797 Andrea Lock Apt. 568 Mercadoville, SC 90795",2024-06-20
438,David Hogan,perryjessica@example.com,"9720 Deborah Center New Christopher, SD 36894",2021-11-19
439,Kevin Glass,garciaantonio@example.com,"062 Carter Mews Nguyenshire, VA 29868",2021-10-26
440,Derrick Rhodes,wleonard@example.net,"6296 Natalie Cape Chavezland, DE 43234",2022-07-31
441,Alicia Johnson,glassjohn@example.net,"292 Matthew Path Suite 161 Dianaberg, VI 09367",2020-01-03
442,Tyler Hall,lpayne@example.net,"59563 Aaron Brook Apt. 468 Port Keith, RI 29558",2023-09-04
443,Jeffrey Huber,vjennings@example.org,"428 Delgado Street Port Johntown, MS 81442",2020-01-11
444,Amber Morton,paulbrady@example.net,"92593 Day Fall Suite 052 Timothyberg, KS 08339",2022-10-27
445,William Clark,terrywillie@example.com,"2112 Wade Loaf Ronaldshire, AL 94774",2024-06-24
446,Damon Martin Jr.,huntermichael@example.org,"3042 Miranda Flats Apt. 142 West Patricia, AK 24936",2023-09-21
447,Patrick Walsh,singhlawrence@example.net,"240 Timothy Shoal Collinsshire, WY 55506",2022-10-20
448,Lindsay Wallace,vasquezisabella@example.org,"63669 Christopher Meadow Apt. 629 Eddiemouth, MI 29299",2022-08-20
449,Kevin Newman,kbray@example.com,"55954 Alicia Groves Suite 228 North Johnburgh, SD 61194",2023-05-27
450,Elizabeth Mendoza,heidi20@example.net,"44855 Smith Trail Apt. 487 Ruthport, MN 27254",2022-02-03
451,Antonio Villarreal,laurenrios@example.net,"40927 Johnny Stravenue Frenchshire, WV 54295",2022-08-23
452,Melissa Willis,ericmccullough@example.com,"218 James Row Apt. 087 North Whitney, ID 68476",2024-09-09
453,Regina Parrish,julie39@example.com,"PSC 7485, Box 9061 APO AP 48348",2021-06-14
454,Allison Turner,bradleypam@example.org,"104 Ashley Center East Annette, MI 35417",2024-09-18
455,Adrian Weaver,tonyelliott@example.net,"3173 Wood Parks Kristenburgh, AS 42284",2024-04-15
456,Daniel Richardson,jwilliams@example.net,"2639 Watson Dam Davisshire, MH 94975",2021-12-28
457,Shawn Anderson,yclark@example.org,"74627 Newman Brook Lake Alexisberg, ME 23905",2023-05-23
458,Anthony Rodriguez,erobertson@example.net,"3383 Guzman Cliff North Jesus, HI 97093",2020-07-13
459,Megan Taylor,susanjones@example.org,"360 Orozco Mall Coreymouth, ND 03954",2020-06-10
460,Michael Anderson,silvalisa@example.com,Unit 9916 Box 4889 DPO AA 30989,2020-11-12
461,Charles Underwood,amandacoleman@example.org,"0832 Bray Throughway Apt. 684 North Tracy, RI 04132",2024-02-05
462,Andrea Jackson,strongpaul@example.com,"0386 Mccormick Circles Suite 649 Lindaport, MP 88316",2020-04-02
463,Jonathan Smith,elizabethhudson@example.org,"693 Hays Glen Apt. 941 Vegachester, VA 13030",2024-01-17
464,Patricia Oconnor,heather43@example.net,"5923 Warren Islands North Donnaborough, VT 23836",2022-03-27
465,Randy Smith,syoung@example.net,"603 John Ranch Suite 779 Michaelfort, OK 29008",2021-09-03
466,Jacob Goodman PhD,robert26@example.org,USNV Mitchell FPO AE 90071,2022-08-25
467,Alexis Davis,wsimmons@example.net,"14018 Kenneth Squares Lake Austin, MP 08582",2020-04-14
468,Ricardo Charles,hughesstephen@example.com,"24454 James Drive Apt. 844 Port Erica, OK 90907",2024-09-09
469,James Jones,paula40@example.net,"02743 Jessica Ridges Suite 109 Kevinton, IL 38803",2023-03-31
470,Christopher Cobb,deanna32@example.org,Unit 2626 Box 1579 DPO AP 43375,2022-02-23
471,Nicole Caldwell,fishernancy@example.org,"PSC 9581, Box 2803 APO AE 67436",2023-11-21
472,Brian Ball,travisgilmore@example.net,USNS Wright FPO AE 10729,2022-02-01
473,Jonathan Mcmillan,paulallen@example.org,"780 Levy Plaza South Mario, NV 29738",2023-02-08
474,Thomas Sanchez,cainjeff@example.org,"61128 Lucero Mountain Apt. 755 Lake Richardberg, CA 27014",2022-04-10
475,Brenda Mcdonald,edwintaylor@example.com,"0655 Molly Greens West Jamesshire, NY 06799",2024-02-19
476,Mrs. Lindsey Chen,harriskenneth@example.com,"17428 Bailey Glen Port Amymouth, CA 21453",2020-08-30
477,Benjamin Bolton,wadams@example.com,"97892 Alvin Rapids New Jessicaborough, NH 46704",2022-05-05
478,Justin Foley,frodriguez@example.net,"195 Lang Alley Suite 668 Schultzberg, MN 46571",2021-10-30
479,Daniel Stevens MD,rwatson@example.com,"42876 Scott Mount Suite 018 Port Elizabethtown, WV 12348",2021-12-05
480,Casey Erickson,sanchezanne@example.org,"3397 Sarah Bridge Suite 136 Alexandraside, RI 55543",2024-03-20
481,Thomas Kline,usaunders@example.org,"628 Jimenez Hills Apt. 067 Lake Michealberg, AL 00828",2024-04-05
482,Joseph Fitzgerald,warnercalvin@example.org,"646 Sandoval Estate North Jacqueline, AL 11286",2020-09-24
483,Patricia Smith,carlsonkeith@example.com,"73322 Wayne Alley Gonzalezland, CA 94444",2022-01-26
484,Joshua Simpson,crawfordlynn@example.com,"64371 Harper Village Suite 457 East Michaeltown, NV 82291",2020-05-01
485,Jeffrey West,christinamartin@example.net,USNS Rodriguez FPO AP 68011,2022-12-19
486,Mark Porter,jonesdennis@example.com,"565 Fitzpatrick Ridges Apt. 055 West Mike, CA 91466",2021-04-09
487,Patrick Miller,wilkinsmaria@example.com,USNV Perkins FPO AA 68681,2024-02-23
488,Kristin Blake,ggibson@example.net,"1994 Charles Heights Sarahfort, GA 83328",2023-02-13
489,Rebecca Butler,renee55@example.org,"8887 Morrow Vista Suite 097 Port Kayla, NC 87773",2023-01-07
490,Nathan Wright,apatel@example.net,"540 Kimberly Manor Josephport, WA 43309",2024-07-07
491,Gina Ayers,ashley69@example.org,USNV Edwards FPO AP 77646,2020-12-20
492,Elizabeth Perry,suzannebell@example.org,"96783 Allen Creek Suite 642 South Ryanshire, TX 37513",2020-01-04
493,Kelsey Todd,michelemann@example.org,"369 Carla Haven Apt. 025 North Hollytown, WV 62961",2022-05-25
494,Lindsay Scott,troy93@example.com,"60352 Kimberly Ports Heatherville, LA 24648",2023-09-17
495,Patricia Rangel,reginamontgomery@example.org,"132 Moreno Trail Suite 236 West Jeffrey, WA 90243",2024-07-12
496,Audrey Ellison,taylor72@example.net,"089 Deborah Rapid Gregoryville, OK 29012",2022-12-19
497,Mark Turner,tiffanynelson@example.com,"PSC 0356, Box 1806 APO AP 37583",2020-10-12
498,William Scott,david72@example.net,"8457 Wong Motorway Apt. 303 Mezamouth, CA 64878",2020-01-01
499,Mrs. Theresa Tran,cindy14@example.com,"8176 Cain Harbor Apt. 836 Port Cynthiashire, CT 30743",2022-11-03
500,Mark Parks,hsantos@example.org,Unit 5617 Box 3669 DPO AE 18419,2024-08-06
