id,name,email,address,date_joined
1,Lisa Miller MD,tammyespinoza@example.com,"86939 Bowman Forge New Sandra, MI 90430",2022-12-27
2,Kendra Ford,darnold@example.org,"PSC 7311, Box 6600 APO AA 01562",2024-01-16
3,Mark Riley,zachary38@example.org,"2576 Johnston Stravenue Apt. 365 Brittneyfort, FM 54438",2021-08-05
4,James Powell,richardlewis@example.com,"97883 Heather Pike Castillostad, MT 88959",2022-05-11
5,Leslie Perez,debrawhite@example.com,"607 Katie Station Apt. 132 Vaughanmouth, FL 13688",2023-12-13
6,Anna Gray,lrodriguez@example.com,USNV Carr FPO AE 40058,2023-07-31
7,Lisa Gardner,melissataylor@example.net,"984 Johnson Course Port Austinmouth, ND 45353",2024-01-28
8,Michael Anderson,adamwilkinson@example.com,"19162 Steven Land Apt. 235 Joshuafurt, SC 24882",2020-09-14
9,James Scott,ilowe@example.net,"5509 Thomas Flat Apt. 457 New Aaronmouth, UT 83752",2022-09-24
10,Peggy Gardner,brooke48@example.org,"44986 House Ways East Jillian, NV 26508",2023-01-08
11,Dana Henderson,dbradley@example.com,"810 Brennan Courts Suite 300 Michaelside, ND 90357",2021-10-21
12,Anthony Moore,natalie88@example.com,"5194 Suzanne Drive Suite 693 Wesleyburgh, TN 22683",2020-09-12
13,Jennifer Leonard,blankenshiperic@example.org,"2494 Rebecca Center New Sabrina, AL 20768",2020-09-14
14,Scott Mason,rgreen@example.com,"7335 Fritz Divide Apt. 675 Chaseport, MA 51771",2020-03-30
15,Tiffany Herrera,oscaranderson@example.org,"97945 Riley Circle Perezborough, VT 01042",2022-08-06
16,Kelsey Garcia,petersonkenneth@example.org,"72915 Horne Estate Apt. 847 South Robert, AR 46756",2023-10-13
17,James Montoya,charrison@example.com,"4467 Paul Dale Suite 945 Danaport, AK 92863",2022-02-09
18,Christopher Bond,andreavazquez@example.org,"6922 Daniel Field West Georgestad, AS 35069",2024-08-26
19,Steven Jacobs,austin64@example.com,"737 Matthew Freeway Caseyside, ND 55556",2020-12-20
20,Shari Nelson,vincent72@example.org,"563 Brooks Stravenue East Kathleen, VA 78763",2020-09-17
21,Erik Heath,reynoldsrobert@example.com,"7369 Emily Branch Kanehaven, MT 23518",2024-05-19
22,Ashley Brewer,joannebrady@example.net,"255 Ward Summit Apt. 879 Longchester, WI 26202",2021-10-19
23,Toni Nguyen,kristinaarellano@example.com,"913 Zuniga Trail New Alexanderton, GA 66472",2023-01-09
24,Nicholas Perez,jennifer02@example.com,"0255 Rodriguez Isle Karlmouth, RI 90222",2021-08-18
25,Meagan Rios,mitchellvictor@example.com,"284 Michael Drives Lisachester, MO 39508",2023-08-20
26,Jillian Bartlett,jimenezchristina@example.net,"16429 Owens Circles East Kimberlyfurt, PW 35986",2022-09-30
27,Cynthia Ward,breannawilliams@example.org,"57353 Huang Field North Georgemouth, MI 36402",2023-07-10
28,Kevin Hobbs,hhernandez@example.org,"697 West Glens Elizabethchester, KY 33488",2020-12-07
29,Kristi Mason,cathy53@example.com,"52735 Stewart Spur South Ronaldhaven, IN 33630",2023-07-06
30,Kurt Strong,npowell@example.net,"753 Derek Land Apt. 733 Smithmouth, PW 60955",2023-01-10
31,Melissa Pennington,laurenobrien@example.org,"5758 Cunningham Point Cookfurt, MA 01979",2023-01-31
32,Thomas Mills,cleon@example.net,"821 Olsen Heights Suite 532 Andrewmouth, LA 51691",2023-12-08
33,Raymond Hall,ronaldmejia@example.com,"693 Michael Meadows Codychester, ND 94692",2021-07-04
34,John Dominguez,alex41@example.com,"529 Cunningham Trail Nguyenfurt, ME 63924",2023-09-10
35,Lauren Moreno,wcastaneda@example.net,"07753 Eddie Summit Lake Rebeccamouth, ND 05411",2022-02-22
36,Bradley Burns,brittany37@example.com,"041 Wyatt Plain Apt. 215 East Samanthaton, PA 54747",2021-10-24
37,Adam Jones,marc67@example.com,"793 Kelley Lane Apt. 824 Samanthaport, MS 01555",2024-07-18
38,Deanna Shields,melissawhite@example.org,"469 Lee Tunnel Jeffreyshire, GU 35473",2021-06-09
39,Richard Conner,ievans@example.net,"2394 Norton Lodge North Anthony, KS 20176",2020-10-31
40,Ryan Gonzalez,jordanbutler@example.org,Unit 2583 Box 5892 DPO AE 41085,2023-11-20
41,Rebecca Johnson,walterrodriguez@example.org,"93472 Nicholas Plains Suite 897 East Sue, AK 70960",2020-06-25
42,Stephanie Mcdowell,rogerlang@example.com,"34923 James Parkway Lake Jon, AL 02810",2024-08-05
43,Catherine Stephens,brandon49@example.com,"52171 Hayes Terrace Angelachester, MS 68040",2021-06-25
44,John Black,stephaniecohen@example.org,"346 King Lake Wrighttown, AL 66726",2022-08-11
45,Nathan White,debra77@example.org,"87005 Smith Lane Goodwinville, NY 89792",2020-06-10
46,Daniel Schneider,jmitchell@example.net,"39325 Jackson Flats Obrienview, WV 54641",2020-11-22
47,Michael Rivera,fosterjennifer@example.com,"108 Audrey Hill East Daniel, AK 65886",2020-10-11
48,Jason Garcia,kshields@example.com,"845 Cameron Motorway South Tommy, LA 83627",2024-01-12
49,Christopher Mcintyre,lewisbilly@example.com,"0441 Linda Islands North Jesse, AR 89686",2021-12-03
50,Sharon Jackson,dennissteele@example.org,"86195 Bennett Divide New Elizabeth, DC 21701",2024-06-15
51,Matthew Medina,jmiller@example.org,"660 Sharon Harbors New Amandachester, NC 70844",2021-03-23
52,Larry Williams,dominguezdonna@example.com,"58171 Perez Plains Hernandezbury, SC 88205",2024-04-30
53,Todd Gilbert,sward@example.org,"97253 Saunders Green North Michaelfort, LA 15179",2022-04-16
54,Brenda Cochran,lisajones@example.net,"PSC 9426, Box 2547 APO AP 73811",2021-10-31
55,Robert Anderson,brandonwalker@example.org,"69502 Kaiser Crescent Suite 886 West Amanda, CO 38259",2023-12-31
56,William Smith,cjohnson@example.org,"370 Gardner Unions Apt. 312 Annachester, VA 00582",2024-05-31
57,Deborah Dixon,mitchell14@example.net,"95443 Kevin Square Suite 959 Deanshire, PR 21697",2023-03-28
58,Earl Gregory,cynthia53@example.org,"01618 Gilbert Drive Suite 000 Michaelton, AK 34303",2021-03-13
59,Trevor Miller,derek92@example.net,"4869 Alexander Estate Apt. 753 Monicaport, GA 06539",2021-10-05
60,Timothy Young,debraellis@example.org,USS Jackson FPO AP 68331,2023-07-05
61,Jennifer Garcia,christopher55@example.org,"96932 Nicolas Isle Suite 150 Whiteborough, OK 77457",2021-07-10
62,Julie Obrien,ewood@example.com,"6354 Perkins Pine Apt. 956 Garciatown, PW 53959",2021-12-16
63,Kim Clements,smithkristin@example.com,"986 Aaron Shore East Steven, HI 08748",2021-07-27
64,Jennifer Lutz,mthomas@example.com,"27242 Jonathan Rest Apt. 062 Anthonyside, LA 57625",2021-10-17
65,Debra Rowe,carol33@example.org,"85299 Gail Court Port Ashley, NE 74044",2023-09-02
66,Denise Lawrence,matthewjordan@example.net,"PSC 9896, Box 6407 APO AE 51334",2024-08-23
67,Mary Foster,thomasmisty@example.org,"83627 Tammy Fall Suite 781 West Melissashire, IL 11102",2024-08-19
68,Lisa Jefferson,andrewflores@example.net,"0524 Harper Pass Suite 056 Ryanmouth, MD 77281",2020-03-05
69,Drew Allen,listeven@example.net,"8373 Perez View Apt. 495 East Sandra, MO 53399",2023-12-08
70,David Thompson,brenda41@example.net,"3180 Cameron Glen Suite 604 Donaldtown, IL 52962",2020-02-07
71,Laura Underwood,julia84@example.net,Unit 8411 Box 7428 DPO AP 99579,2021-01-08
72,Cheryl Brown,greentonya@example.net,"03488 Jamie Crescent Jenniferside, VI 32066",2023-03-10
73,Katherine Hill,jasonhayes@example.com,"74472 Austin Shores Suite 165 West Heidiside, UT 72417",2020-11-04
74,Brandon Jimenez,maureen35@example.net,"607 Renee Well Suite 319 New Anneland, NM 63509",2023-04-20
75,Gavin Day,susan53@example.net,USNS Clark FPO AP 34384,2022-10-31
76,Samuel Watson,maddoxlarry@example.net,"83555 Lozano Parkway Apt. 934 North Russell, WI 31176",2020-08-25
77,William Weiss,rodriguezkathleen@example.net,"PSC 8695, Box 9851 APO AP 36881",2021-10-15
78,James Miller,grayrachel@example.org,USS Hammond FPO AE 38326,2022-07-20
79,Elaine Smith,jnelson@example.org,"41923 Brown Burg New Alejandro, GA 79375",2024-09-08
80,Dwayne Carlson,luke08@example.net,Unit 0404 Box 5855 DPO AA 72542,2024-01-02
81,Sarah Mcclain,acostajohn@example.com,"75481 Sara Glens Williamsberg, AL 53735",2021-10-01
82,Katherine Grant,holly23@example.net,"7824 Kidd Unions Lake Jimmyton, PW 86613",2022-09-22
83,Lawrence Ross,wlee@example.com,"23406 York Land Jacquelineside, SD 78593",2022-10-06
84,Kim Perez,brendabridges@example.org,"2776 Nicholas Wells Suite 593 Port Marieview, PA 21695",2022-11-18
85,Benjamin Thompson,jessica60@example.net,"58667 Aaron Street Suite 075 Dwaynetown, WV 93620",2022-09-05
86,Michael Owens,mcguirevincent@example.org,USS Johnston FPO AE 51723,2021-03-20
87,Steven Stephens,nolaneduardo@example.com,"336 Brandon Walk East Tracyfort, MA 72164",2023-04-29
88,Justin Schmidt,ugreer@example.org,"74751 Michael Trail Ibarrahaven, TN 88478",2020-11-12
89,Patricia Brown,opalmer@example.net,"2782 Chad Oval Jennyborough, MO 09817",2023-11-27
90,Ariana Jimenez,jeffreyhughes@example.org,"2908 Terry Club Suite 025 North William, LA 93856",2022-11-03
91,James Lara,bellemily@example.net,"289 Wallace Fields East Donna, ID 47751",2021-02-27
92,Brenda Ruiz,amyjensen@example.com,"0096 Dana Causeway East Janet, ID 77407",2022-01-24
93,Tracey Moore,andrewsmith@example.net,Unit 1428 Box 6884 DPO AE 58274,2021-02-28
94,Heather Davidson,matthewhudson@example.org,USCGC Williams FPO AA 40281,2024-05-25
95,Gary Ryan,wbarron@example.net,"83908 Mary Ramp Apt. 761 Martinezmouth, CA 01174",2020-05-10
96,Katherine Hamilton,katrina82@example.org,"5415 Matthew Place Charleschester, TX 68054",2020-06-05
97,Bryan Duran,amysmith@example.net,"3939 Kevin Brook Suite 529 Gardnerville, GA 55010",2020-03-09
98,Nicole Roth,mitchell21@example.net,"395 Morgan Prairie Suite 422 Tanyaburgh, LA 16766",2021-10-27
99,Xavier Higgins,fmartinez@example.org,"338 Michael Gardens North Heatherville, VI 57452",2022-05-11
100,Victor Adams,longjohn@example.com,"66740 Steven Bypass Suite 443 Lake Patriciabury, MA 28168",2022-11-08
101,Carmen Bray,sandragibbs@example.net,"47874 Craig Fields Apt. 395 East Donna, NY 28206",2023-06-10
102,Krystal Walker,kanecharles@example.com,Unit 0795 Box 8048 DPO AE 75193,2022-12-29
103,Carl Reeves,nicole85@example.com,"057 Michael Oval New Jeffreymouth, MN 59022",2024-09-19
104,Brenda Smith,ymcdaniel@example.org,"893 Valenzuela Ferry Lake Debramouth, IA 01550",2022-12-02
105,Shawn Burns,huffjessica@example.com,"062 Gutierrez Prairie Edwardsstad, PA 41839",2021-01-19
106,Nicole Wilson,starkrichard@example.com,"59121 Stephanie Loop New James, WA 36945",2020-08-07
107,Kylie Conrad,christinenguyen@example.com,"PSC 6637, Box 2437 APO AP 87202",2023-08-02
108,Rachel Miller,davidrobles@example.com,"90893 Katie Flats Apt. 960 Smithfurt, MT 08583",2020-03-08
109,John Cox,padillakaitlyn@example.com,Unit 0842 Box 6652 DPO AE 16394,2021-01-21
110,Miguel Dennis,villalori@example.com,"8524 Morrison Vista Liville, SC 17473",2021-08-19
111,Peggy Meza,jlopez@example.net,"03360 Banks Land Apt. 068 Davidfort, AR 20584",2021-02-10
112,Joseph Sweeney,bcarter@example.net,"61663 Murillo Ridges Apt. 022 South Jeremy, TX 81132",2024-07-21
113,Cheryl Fox,rebecca63@example.com,USNS Maldonado FPO AA 35220,2020-01-31
114,Michael Patterson,curtis40@example.org,"7586 Matthew Plains East Brooke, MP 63350",2023-02-26
115,Randy Perez,zdavis@example.net,"578 Victor Islands Suite 371 Smithstad, KY 14772",2024-01-02
116,Kevin Howe,patrick70@example.org,"67994 Hanson Springs Apt. 566 West Edwardtown, MH 74757",2024-08-13
117,Vicki Cook,jennifergalvan@example.net,"844 Frost Divide Suite 361 Taylorshire, IL 96239",2021-10-01
118,Jose Beck,victoriacortez@example.com,"8021 Dana Hill South Aliciaborough, KY 41520",2023-11-03
119,Alexis Johnson,matthewsjennifer@example.org,"086 Ward Lock East Alanhaven, TN 69113",2023-12-13
120,Kara Richards,martinezandrew@example.net,"54687 Paul Ferry Apt. 137 South Michael, MH 53263",2020-10-13
121,Richard Jordan,changtracy@example.com,"25291 Collier Ford North Michael, ID 77856",2020-03-30
122,Stephanie Pittman,sabrina89@example.org,"9309 Russell Summit Suite 937 Davisview, MH 41478",2024-03-04
123,Breanna Jimenez,miguelcortez@example.net,"941 Warren Lake Apt. 667 North Kimberly, CT 72333",2024-06-19
124,Walter Chapman,qcontreras@example.com,USNS Mendez FPO AE 72437,2020-09-24
125,Joanne Cervantes,qsmith@example.com,"6931 Ryan Cape Apt. 038 Victoriachester, HI 51482",2024-01-31
126,Elizabeth Prince,stacy28@example.net,"10881 Cook Extensions Apt. 359 New Lynnburgh, AR 68264",2021-07-27
127,Allison Abbott,davidflores@example.org,USNS Rodriguez FPO AA 13071,2022-06-28
128,Mathew Wilson,dawnnelson@example.com,"PSC 8174, Box 3282 APO AP 87314",2024-01-01
129,Douglas Werner,mendozadonald@example.com,"064 Ramirez Ridge Suite 297 Anthonymouth, LA 83366",2022-07-03
130,Wyatt Smith,jordandavid@example.com,"02399 Harper Junction Jacobburgh, PW 31867",2020-10-08
131,Lauren Solis,parkerbrittney@example.com,"412 Martinez Loaf Apt. 330 Port Kellyport, VI 63244",2024-08-26
132,Chelsea Braun,patriciamcknight@example.net,"0604 Clay Plains Suite 618 South Andrea, ND 35436",2021-02-14
133,Mary Andrews,qortiz@example.org,"272 Perry Gateway Larsonchester, DE 69549",2021-06-03
134,Kelly Carpenter,umorris@example.com,"7680 Obrien Mall Apt. 608 Mcdowellmouth, SC 12913",2020-12-04
135,Ashley Drake,amy15@example.org,"0912 Jorge Stream Apt. 485 Lake Laurentown, MH 93661",2020-06-13
136,Karen Velasquez,elizabeth35@example.com,"36420 Hopkins Corner Suite 275 South Ricky, DE 12663",2023-11-08
137,Alexis Orr,russelljohnson@example.net,"2082 Crane Field Apt. 940 North Stevenland, FM 82613",2020-03-03
138,Veronica Smith,thomas49@example.net,USNV Riddle FPO AE 48649,2023-02-24
139,Jeffrey Rose,strongdustin@example.org,"5212 Tate Parkway Suite 157 Sosafort, UT 35917",2021-08-08
140,Mark Morales,cassiesilva@example.com,"1692 Caroline Park Apt. 178 South Alexis, CO 53631",2022-03-29
141,Adrienne Horne,ethomas@example.net,"0468 Le Brooks East Bryanfurt, WA 20176",2020-10-16
142,Beth Green,reedandrew@example.org,"658 Renee Vista Apt. 067 Davidhaven, OK 98666",2021-02-19
143,Alexandria Wallace,john30@example.com,"634 Romero Pike Gordontown, AS 14285",2020-05-08
144,Joel Robinson,amy68@example.org,"3040 Hill Burgs Michaelbury, VA 86746",2021-03-06
145,Patricia Robinson,bbarnett@example.com,"747 Anderson Centers West Garrettfort, NE 77672",2022-05-23
146,Richard Matthews,clinemichelle@example.org,"3639 Alvin Rue New Shannonview, AS 99561",2021-10-04
147,Courtney Mcguire,jasonwatts@example.com,"25971 Michael Corners Lake Daniel, HI 75376",2021-10-14
148,Brandon Peters,timothygarcia@example.org,"69556 Jennifer Mountains Suite 207 Johnsonberg, KY 37659",2021-09-30
149,James Perry,nicolefoley@example.org,"666 Anderson Springs Suite 581 South Justin, DC 77447",2023-07-25
150,Jillian Brown,shellyreyes@example.org,"936 Mendoza Mountain East Mary, MH 70166",2022-04-23
151,Andre Baker,danarose@example.org,"2314 Aaron Pines Lake Kimberlyport, PR 65551",2020-09-07
152,Natalie Griffith,patriciahatfield@example.com,"50148 Cameron Inlet Jonesbury, WI 76823",2023-04-14
153,Dorothy Johnson,amymartin@example.org,"07582 Michael Courts Suite 903 Melissafort, AK 22467",2023-12-03
154,Robert Snyder,vhall@example.org,"9279 Olson Estates North Melissa, MT 99524",2020-06-09
155,Tammy Curry,harristodd@example.org,"91655 Sutton Well Apt. 235 Cameronville, RI 09231",2023-05-31
156,Tara May MD,johnsonjulie@example.com,"539 Reyes Course North Melissaberg, NE 45670",2024-03-10
157,Joyce Mathis,jeremythomas@example.net,"425 Greene Stravenue Youngberg, MO 97973",2020-07-22
158,Bryan Phelps,philipcharles@example.net,"PSC 8975, Box 3480 APO AP 79950",2021-12-19
159,Jennifer Garcia,douglasmorgan@example.com,"37507 Lamb Cove Turnerview, ID 45749",2023-03-04
160,Dennis Miller,lopeztonya@example.org,"7943 Francis Expressway Apt. 167 Keithtown, SC 53897",2021-02-24
161,Raven Khan,leonardmarie@example.org,"4633 Ernest Isle South Danielland, WY 75830",2022-04-09
162,Philip Martin,michaelkerr@example.org,"65122 Joshua Brooks Apt. 316 New Alexandriaborough, MS 54520",2023-06-23
163,Jessica Lewis,ashley92@example.com,"04739 Heather Parkway Reyesland, MI 43459",2022-08-23
164,Nicole Jones,xkline@example.net,"997 Smith Loop Apt. 500 East Robert, MN 37139",2020-04-16
165,Melissa Martin,ricky00@example.com,"56238 Russell Street Port Codystad, ND 31290",2024-05-29
166,Jeremy Shaffer,prestonmontoya@example.com,"61834 James Village Dwayneburgh, VA 98715",2021-01-01
167,Christina Rowe,bhenry@example.net,"927 Russell Corners Suite 389 Huntstad, FM 06534",2020-01-06
168,Elizabeth Mills,djones@example.com,"54540 Richardson Inlet Apt. 240 Jensenport, MN 57493",2021-03-09
169,John Wilson,jesuswood@example.com,"944 Sullivan Mountains North Cindyshire, SD 42449",2024-01-11
170,Mr. Michael Bailey,matthewhart@example.org,"7608 Ramsey Plains Apt. 457 Gregoryfurt, VI 60297",2022-05-10
171,Elizabeth Miller,amyperkins@example.org,"373 Toni River East Ana, MD 58612",2024-03-16
172,Brian Houston Jr.,gmoore@example.org,"3744 Beth Ranch Brianmouth, AZ 87501",2024-09-02
173,John Mejia,xwatson@example.net,"0933 Johnson Motorway Paulshire, NH 95292",2021-05-02
174,Paula Clark,jenniferhudson@example.com,Unit 9280 Box 0616 DPO AP 08202,2023-09-23
175,Jasmine Garcia,beckcathy@example.net,"93841 Anthony Cape New Henryview, TX 53244",2022-01-31
176,James Solis Jr.,ricky53@example.net,USNS Wagner FPO AE 21427,2023-02-19
177,Mary Hunt,dgallagher@example.net,"3209 Brenda Spur Suite 693 Port Kyle, VA 73956",2020-01-07
178,Jessica Cox,reyesjerome@example.org,"6096 Sara Ford Port Meganton, OK 27706",2021-12-31
179,Antonio Powell,zachary55@example.com,"04550 Gamble Creek Suite 658 East Robertchester, AR 10747",2022-05-14
180,John Thomas,gmacias@example.com,USCGC Smith FPO AP 35345,2023-02-22
181,Charles Dominguez,jennifer25@example.net,"1326 Bradley Hill Suite 154 Patelhaven, TN 70869",2024-04-15
182,Eric Gross,matthew54@example.org,"94358 Cochran Oval Apt. 269 New Lauren, OK 05384",2024-09-04
183,Daniel Hernandez,tracy68@example.com,"5239 Barber Islands Josephport, MN 45835",2022-11-26
184,Gregory Nelson,russelllinda@example.net,"01818 Wells Valleys Tracyland, AZ 21444",2021-11-08
185,Anthony Lambert,cindy86@example.org,"918 Jasmine Mountain Suite 154 Garrisonport, WY 81755",2020-07-31
186,Megan Skinner,loconnor@example.com,"201 Cassandra Ville West Danny, PR 71998",2024-01-29
187,Maria Holland,deborah66@example.com,Unit 7161 Box 5606 DPO AA 52830,2024-07-23
188,Timothy Carpenter,nicole70@example.net,"50117 Hensley Crest Apt. 214 Port Erinhaven, SD 83093",2023-01-15
189,Raymond Gonzalez,amandahendrix@example.org,"4038 Brenda Heights Masonmouth, WV 87672",2020-02-03
190,Brian Chang,sandra37@example.com,"9633 Castillo Gateway Shawnview, AZ 79917",2020-06-06
191,Nathaniel Williams,jessica37@example.com,"051 Summer Keys Suite 360 South Vincentberg, CO 45526",2024-02-21
192,Adam Sharp,cruzshaun@example.org,"8146 Kimberly Walk Suite 636 Tiffanymouth, MN 22848",2022-12-28
193,Wesley Johnson,lawrence53@example.org,"23266 Roberts Manors Apt. 434 New Johnmouth, MH 78142",2023-12-08
194,Karen Davis,jaredwerner@example.org,"14970 Moore Causeway Brianburgh, SC 81774",2020-12-18
195,Benjamin Bryant,christaylor@example.net,"13283 Brittany Mount Suite 960 Lake Jessica, NC 20041",2020-07-08
196,Kelly Grant,kimberlywalker@example.com,"8679 Gabriel Prairie Gregfurt, AL 65615",2022-06-04
197,Angela Oliver,jesselee@example.org,"3246 Ramirez Place Apt. 472 New Juanside, MI 10292",2020-02-16
198,Rachel Brown,qnorris@example.org,Unit 3447 Box 1350 DPO AE 03439,2022-03-07
199,Melissa Mcmahon,egarrett@example.org,"230 Laura River Suite 022 Amandafort, IN 75752",2021-07-01
200,Jennifer Campos,jeffreyevans@example.net,Unit 5455 Box 5947 DPO AA 84702,2023-07-18
201,Claire Welch,kimberly57@example.net,"58090 Camacho Port Strongfort, ID 99200",2024-06-06
202,Bradley Bell,yreeves@example.org,"PSC 6155, Box 4536 APO AE 06724",2023-03-31
203,Debbie Frazier,lstewart@example.com,"0011 Ward Point South Richardville, MH 95744",2024-01-07
204,Penny Washington,wardmitchell@example.net,Unit 1696 Box 0597 DPO AA 68794,2024-07-08
205,Robert Pittman,kelly11@example.com,"2627 Mark Junctions Apt. 760 South Carriefort, KS 48097",2022-01-29
206,Sheryl Watts,mary07@example.org,Unit 1484 Box 8528 DPO AP 33651,2020-02-03
207,Jason Moses,fwang@example.org,"23538 Corey Prairie Morrismouth, ID 04330",2022-10-18
208,Shannon Wu,hurstamanda@example.net,"390 Avery Rapid Jonesmouth, GA 21513",2024-01-28
209,Jason Gardner,shirley59@example.net,"85415 Chase Rue Apt. 149 Karenbury, IL 78850",2024-01-18
210,Jacob Rodriguez,susan61@example.net,"5856 Zimmerman Gateway South Elizabethburgh, NE 56120",2021-01-18
211,Nancy Foster,summerselizabeth@example.net,"912 Gregory Lakes Seanstad, MI 31097",2021-06-07
212,Valerie Stewart,parsonstiffany@example.net,"200 Vasquez Inlet New David, AR 75016",2021-08-23
213,Terri Glenn,taylorcraig@example.com,"91858 Lori Squares North Mark, VI 93402",2023-05-20
214,Jessica Espinoza,laurenbaker@example.org,"18925 Proctor Rapids Ortizberg, FM 07053",2023-12-23
215,Gail Peterson,jonesjohn@example.org,"2684 Shawn Harbors Apt. 293 New Shirleyport, RI 68184",2022-02-22
216,Melissa Quinn,johnpalmer@example.com,"85307 Ross Drive Suite 490 Cruzfurt, VI 76518",2022-10-21
217,Anthony Robinson,bbarnes@example.com,"98955 Erickson Plain Suite 112 Lake Juanville, NH 65558",2023-05-31
218,Jacob Gomez,matthewsfaith@example.com,"2164 Wood Village Suite 017 Toddburgh, FM 36715",2022-07-18
219,Melanie Garcia,grant06@example.org,Unit 9655 Box 3232 DPO AP 31483,2024-04-15
220,Kelly Davis,williamsanna@example.com,"40602 Chase Forest Port Madelineberg, FL 01539",2020-08-09
221,Christopher Martinez,antonio49@example.com,"661 James Rue Suite 077 North Saraberg, WV 57900",2020-12-19
222,Dylan Juarez,cynthiahuff@example.org,"48488 Hebert Neck Apt. 003 West Krista, MP 45970",2023-04-16
223,Jacob Chapman,jenniferhardy@example.org,"PSC 6099, Box 7877 APO AP 86114",2023-12-02
224,Christopher Schmidt,nielsenpatrick@example.net,"23187 Megan Springs Port Elizabeth, UT 56851",2022-04-15
225,Kathleen Johnson,stephaniekelley@example.org,"6427 Larry Wall Apt. 191 West Aarontown, NY 41593",2022-01-28
226,Leslie Wilson,nhahn@example.com,"9432 Christina Shoals Suite 806 Kathrynfort, IN 16533",2020-07-31
227,Hayley Hall,palexander@example.org,"7514 Mclean Dale Suite 254 Myersburgh, AL 51352",2021-08-03
228,Catherine Salas MD,kristinbryant@example.com,"55854 Kevin Skyway Marshallchester, CT 24503",2021-04-19
229,Gail Green,valdezjerry@example.org,USNV Best FPO AA 11804,2020-12-05
230,Christina Romero,rachelromero@example.net,"0955 Jerry Streets Suite 937 Josephview, PR 83719",2022-04-15
231,David Pittman,alan88@example.net,"010 Hartman Wall Apt. 979 East Katherine, HI 27407",2023-05-25
232,Patrick Noble,uthompson@example.com,USS Gill FPO AA 51295,2020-08-18
233,Bryan Kelly,sarah83@example.net,"83331 Sarah Lodge Kaylaside, FL 60159",2022-11-24
234,Michael Hampton,wilsonheather@example.com,"PSC 8764, Box 3502 APO AE 48724",2023-04-07
235,Janet Moore,garciasara@example.org,"7840 Romero Knoll West Andrea, TN 94816",2022-08-18
236,Daniel Richmond,nancymcdonald@example.net,"362 Sharon Land West Terriburgh, DE 38476",2022-05-24
237,Rachel Ruiz,evan62@example.org,"4244 Julie Spring Apt. 696 Brentfurt, SD 16711",2023-08-09
238,Tammy Patterson,james25@example.org,"1250 Don Path Apt. 626 Charlesmouth, NM 10175",2023-10-30
239,Nicholas Rodriguez,heather66@example.net,"6653 Roy Drive Suite 104 Kimfort, CT 08733",2020-02-06
240,Eric Dickerson,odorsey@example.net,"7672 Tanya Orchard Port Micheal, DE 24297",2020-02-20
241,Jorge Buckley,shawcourtney@example.org,"914 Johnson Ferry Port Ronald, DE 67976",2023-10-18
242,Jamie Morris,rebecca69@example.org,"61233 Williams Ford Davidmouth, PW 17406",2024-04-12
243,Jonathan Miranda,dclark@example.org,"206 Garrett Mountain Burnsview, CO 02199",2023-01-31
244,Ashley Garza,hhess@example.com,"392 Travis Path Perrychester, WY 24190",2020-04-27
245,Brandon Lee,amygeorge@example.org,USS Pierce FPO AA 86854,2023-09-05
246,Pamela Ramos,edwardsmith@example.com,"6955 Raymond Loaf Lake Patricia, TX 14904",2020-08-31
247,John Johnson,freeves@example.com,"9889 Smith Green Stevensburgh, SC 84555",2021-02-05
248,Anthony Wilson,steven90@example.org,"9994 Williams Mission Lake Don, PA 58233",2021-03-31
249,Adrian Marshall,hancocklindsay@example.com,"033 Dawson Pines Apt. 198 New Bonnie, NM 82512",2022-07-07
250,James Sharp,michael01@example.net,"204 Blake Mountains Suite 647 Bennettberg, WV 92854",2022-01-19
251,Catherine Kemp,thomasmorris@example.org,"88143 Carr Village Suite 046 North Mary, OR 48201",2021-05-12
252,Robin Oconnell,jillgraham@example.net,"PSC 2634, Box 5680 APO AA 74058",2023-07-08
253,Brandi Roberts,mckayjonathan@example.net,"34847 Banks Loop Suite 082 South Hannahburgh, PA 38601",2024-01-21
254,Tristan Clark,mitchell80@example.org,"0604 Donna Gateway Apt. 888 South Karina, NE 38542",2021-05-02
255,James Bridges,amybrown@example.org,"940 Timothy Groves Bellbury, CA 44191",2021-11-03
256,Kayla Evans,ryan33@example.net,"26555 Anthony Extension Nancytown, CA 05965",2020-05-13
257,Henry Ross,shelley26@example.net,"968 Grant Crescent Apt. 858 Port Jessica, SC 96471",2023-05-31
258,Timothy Diaz,danielsparks@example.com,USCGC Flowers FPO AE 23454,2021-02-25
259,Joshua Hodges,emilybrown@example.org,USCGC Deleon FPO AA 30725,2023-02-02
260,Jacob Walker,james75@example.org,"PSC 9224, Box 4746 APO AA 88730",2022-11-13
261,David Ferguson,katherine86@example.com,"18656 Connie Turnpike Suite 619 South Michaelstad, ME 09178",2024-02-24
262,Annette Johnson,hnguyen@example.com,"26619 Trujillo Summit Boltonside, AR 58356",2020-03-17
263,Cynthia White,shelly68@example.com,"684 Derrick Harbor Suite 895 Michelleland, AZ 19019",2022-10-07
264,Justin Miller,thomasrhodes@example.org,"652 Hampton Neck New Chadside, AK 93944",2022-01-21
265,Chad Larson,erintucker@example.org,"64531 Davis Corners Graceville, NC 80077",2020-01-20
266,David Graves,delgadodakota@example.com,"004 Elliott Centers Apt. 115 Timothyland, NE 94800",2020-01-08
267,Natalie Daniel,erichudson@example.net,"24257 Justin Locks Port Justinbury, OH 95511",2021-05-27
268,Brianna Barnes,randyrodriguez@example.net,"879 Moore Stravenue Meganport, DE 34300",2020-05-24
269,Terry Wood,yyork@example.net,"7054 Lauren Mall South Maryview, NH 77097",2024-03-30
270,Frederick Martinez,scott10@example.net,Unit 8719 Box 3569 DPO AE 21259,2023-06-12
271,Lucas Case,emoreno@example.org,"9014 Hogan Parkways Lindsayview, OK 17889",2021-05-24
272,Mary Martin,melissa36@example.com,"00266 James Overpass Suite 111 North Richard, NH 31260",2020-10-04
273,Stephanie Weaver,kimberly79@example.com,"32947 Scott Corner Larabury, PR 89389",2022-01-31
274,Nicole Miller,nthomas@example.net,"071 Gonzalez Skyway Suite 022 Joneston, FM 56883",2021-01-09
275,Mary Hutchinson,sheilariley@example.net,"00947 Phillips Lock Landryport, IN 84201",2024-01-04
276,Lindsay Evans,nyoung@example.org,"674 Collins Hill Apt. 307 West Nichole, NV 12088",2023-12-17
277,Jessica Brown,jenniferbrennan@example.net,"202 Donald Bridge Suite 719 Port Valerie, NC 06916",2022-10-16
278,Brian Hurley,craiggarrett@example.com,"849 Perry Flats Apt. 066 Johnnyshire, DE 92304",2023-02-06
279,Mario Cole,cynthia27@example.net,"247 Macias Place Suite 457 Castrofurt, CA 98325",2023-02-10
280,Stephanie Liu,andreadaniel@example.net,"4032 Kelley Lock Apt. 770 Hendersonmouth, MA 76141",2020-11-13
281,Madison Brown,jonathan35@example.org,"26722 Robinson Extensions South Yvettemouth, UT 33874",2020-03-19
282,Marcus Burke,mark52@example.com,USS Rivera FPO AP 75691,2022-04-05
283,Jason Hood,campbelltaylor@example.net,"97528 Susan Port Suite 408 New Nicole, NV 79204",2021-06-21
284,Tiffany Robinson,jonathanchase@example.org,"59953 Hernandez Cliffs Apt. 733 Pachecoport, PW 00998",2023-01-08
285,Andrew Wright,mlawson@example.com,"84886 Tammy Lane Wangfurt, RI 41141",2020-02-21
286,Craig Smith,davidhughes@example.com,"213 Stone Skyway Hartmanstad, AL 55622",2022-09-08
287,Kara Garcia,kedwards@example.com,"516 Gray Vista Martinbury, OK 74938",2022-03-07
288,Katherine Kennedy,gburns@example.net,"470 Nicholas Estate South Craig, OR 91092",2020-11-26
289,Jennifer Atkins,riverajennifer@example.org,"18163 Brandon Knolls Scottstad, RI 35557",2024-06-30
290,David Mercado,llawrence@example.com,Unit 1625 Box 3791 DPO AA 11357,2022-02-10
291,Rick Watkins,xbrown@example.net,"2633 Daniel Springs New Janetville, MS 27272",2023-03-23
292,Emma Hull,juan91@example.com,"654 William Plains South Oliviastad, WI 24384",2022-08-25
293,Tracy Huang,daniel29@example.com,"7942 Henry Parks Apt. 510 Tomside, MA 17223",2020-10-13
294,Erika York,ncortez@example.com,"67225 Anna Forge Suite 095 South Albertville, GA 50395",2022-07-15
295,Patricia Johnson,thomasbrittany@example.com,"9576 Robbins Fords Apt. 226 Lake Kimberly, ID 37228",2020-03-29
296,Julia Lawrence,jeremy18@example.net,"987 Miller Extension Apt. 255 South Derek, KY 37490",2022-01-28
297,Olivia Hammond,vsmith@example.org,"6164 Kim Fall Hernandezmouth, UT 52661",2021-05-13
298,Cynthia Jordan,tbarrera@example.com,"176 Nathan Inlet Apt. 981 Lake Craig, AR 11152",2020-03-27
299,Angela Kennedy,petersonelizabeth@example.org,"7115 Vasquez Turnpike Apt. 547 East Lindseyberg, NC 67217",2024-08-25
300,Kevin Beard,dunnsavannah@example.org,"790 Mccarty Way East Tyler, CO 26907",2021-07-09
301,Daniel Mcguire,shawn25@example.com,"4278 Lucas Radial Russellfurt, CT 26365",2023-06-15
302,Sally Foster,jaredmiller@example.net,"73583 Schmidt Falls West Heather, VA 31402",2022-04-13
303,Brandy Nelson,yhopkins@example.org,"52109 Tyler Courts Wrightfort, IL 53911",2024-03-16
304,Alan Li,kwalsh@example.com,"297 Debra Causeway Sandraport, MT 58375",2024-07-22
305,Curtis Page,aprilnelson@example.org,"987 Shelby Rest South Danielle, PW 35572",2023-05-16
306,Elizabeth Lynch,linda69@example.org,"9721 Bailey Bypass Olsonshire, WA 11238",2024-05-19
307,Michael Valentine,lmartin@example.com,"73315 Mcdonald Cape Lake Kellyview, FM 89779",2022-12-16
308,Robert Fitzpatrick,amy91@example.org,"9995 Odom Mountains Daviesside, HI 72805",2022-03-27
309,Morgan Gutierrez,russelltina@example.org,"6156 Young Knoll Erikview, NH 14417",2023-07-14
310,Gregory Rodriguez,stevensonjesse@example.net,"6615 Janet Overpass New Dianefort, NV 37166",2022-09-23
311,Gabrielle Lucas,jnelson@example.org,"7574 William Light Lake Timview, MI 81816",2022-04-17
312,Nathan Mccoy,emily78@example.net,Unit 0475 Box 8430 DPO AP 78374,2020-01-19
313,David Johnson,rebecca90@example.org,"128 Ashley Tunnel Apt. 731 Chadton, GU 38738",2021-08-07
314,Katrina Tate,chandlerpatrick@example.org,"492 Alexandra Views Apt. 654 East James, KY 96459",2021-03-04
315,Matthew Taylor,williamschelsea@example.org,"810 Matthew Mill Bryanfurt, GA 63524",2024-03-22
316,Alyssa Russell,jennifergill@example.org,"62467 Brock Views Suite 242 Port Sonya, AS 95581",2020-02-10
317,Angela Logan,abbottdanny@example.org,USNS Bates FPO AE 16120,2020-01-28
318,Victoria Johnson,peterpowell@example.com,"4134 Thomas Mall Justinborough, MH 20126",2023-11-19
319,Lauren Johnson DDS,edwardsmichael@example.net,"305 Jerry Highway Allisonshire, DC 44546",2024-01-29
320,Kathryn Dougherty,rebeccanewman@example.com,"PSC 4493, Box 5124 APO AE 83683",2021-09-18
321,Jill Rodriguez,williamsbenjamin@example.net,Unit 8323 Box 7322 DPO AP 33683,2023-12-08
322,Cassandra Wilcox,sharonporter@example.org,"420 Fisher Haven Suite 231 North Johnbury, MD 75600",2022-11-26
323,Dana Morales,debrafoster@example.com,"458 Patricia Knolls Karenton, CO 01697",2024-02-17
324,Dennis Baker,nicoleklein@example.net,"170 Price Ways Baileyview, GU 65833",2021-10-21
325,Mary Brewer,martinezmatthew@example.org,"544 Holt Viaduct Suite 683 Jacksontown, MO 40600",2021-02-20
326,Justin Jenkins,vmorgan@example.com,"030 Moyer Groves Suite 100 East Dennis, MH 45429",2022-07-19
327,Kimberly Mcgee,parkereric@example.org,"379 Timothy Pass Apt. 996 Jamesbury, OH 92940",2020-11-20
328,Morgan Young,taylorhaley@example.com,"9160 Woods Cliffs Apt. 336 Barnesmouth, WY 65580",2024-07-10
329,Jacob Jackson,stacyjackson@example.com,"0980 Richard Stream Suite 364 South Phillip, VA 75391",2023-01-19
330,Robert Ford,morenologan@example.org,"PSC 3573, Box 9458 APO AA 73281",2021-02-24
331,Daniel Daniels,benjamin91@example.net,"277 Marquez Stravenue Suite 972 South Jeffreyview, AS 30359",2021-09-12
332,Rachel Howard,soniapatterson@example.com,"6395 Steven Stravenue Barbarachester, OR 51309",2021-05-12
333,Wayne Brooks,mblake@example.com,"428 Vang Shore Leeburgh, MN 86264",2022-02-13
334,Natalie Powell,ismith@example.org,"66163 Cruz Green Suite 289 Liufort, MT 92339",2020-05-20
335,Nathan Rodriguez,nortonterri@example.net,"705 Bell Mountains Suite 247 Robertmouth, TN 95443",2024-09-20
336,Randy Daniels,zkeller@example.org,Unit 3804 Box 9642 DPO AP 64875,2023-05-27
337,Heather Ruiz,hendrixbrittney@example.net,"48088 Ortega Parkway Apt. 056 Clementsmouth, IL 67305",2022-09-09
338,Jennifer Ross,daniel19@example.com,"9074 Erik Trafficway Apt. 439 New George, AL 46113",2021-09-28
339,Stephanie Daniel,brooksjacob@example.org,"97961 Courtney Shores Dawsontown, WI 55158",2024-01-04
340,Emily Jones,vhodges@example.net,"72977 Mackenzie Views Apt. 817 Lake Brian, IN 86791",2021-10-13
341,William Brown,rachel72@example.org,"234 Angel Motorway Apt. 665 Jessicaland, IL 22660",2022-05-04
342,Kimberly Beasley,kyleford@example.com,"81619 Lewis Crossing Toddtown, DC 13781",2020-05-09
343,Keith Smith,mhuang@example.net,"8417 Williams Ranch Apt. 720 South Christopher, GU 82910",2022-12-16
344,Russell Bryant,lcarroll@example.net,"5726 Watson Port North Jenniferburgh, MO 96097",2024-08-02
345,Gabrielle Smith,leewilliams@example.net,"25957 Sheppard Mountain Suite 184 West Gavin, DE 86235",2020-08-21
346,Joshua Navarro,maryjordan@example.net,"213 Tiffany Gardens Bettychester, VI 91468",2023-03-10
347,Cody Smith,dalvarado@example.org,"5049 Mark Trail Apt. 887 West Megan, PR 75395",2022-08-12
348,Emily Craig,beasleymichael@example.org,"6088 Mills Parkways Suite 875 Ortizton, LA 44553",2022-09-08
349,Richard Allison,carlguerrero@example.org,"0077 Camacho Mall South Benjaminchester, HI 20793",2021-08-01
350,Adam Johnson,elizabeth77@example.net,"0870 Coleman Stream East Kelsey, MH 07987",2024-07-26
351,Miguel Williams,kevin92@example.net,"1163 King Drive Suite 532 Murphyborough, WV 72818",2023-10-25
352,Mark Mccarthy,samueljones@example.com,"PSC 6018, Box 6400 APO AA 92227",2022-04-07
353,Joanna Byrd,andrew99@example.net,"PSC 1138, Box 0622 APO AP 48455",2022-01-28
354,Justin Roberson,ashleypacheco@example.org,"41029 Brooks Harbors Suite 732 Lake Ashley, SC 64046",2021-02-11
355,Lauren Edwards,nlee@example.com,"836 Danielle Mountain Baileyton, IA 09161",2022-06-05
356,Robert Garrett,griffincraig@example.net,"222 Jorge Mountain Patriciatown, DC 88366",2023-02-15
357,Bailey Allen,ianglass@example.net,"PSC 1589, Box 3106 APO AA 79770",2022-04-04
358,Michael Graham,kwilliamson@example.org,"74060 Higgins Course Suite 561 Lake Tyler, AL 26798",2023-02-07
359,Melissa Evans,nicholasdavis@example.com,"6402 Winters Circles South Leahburgh, MP 36959",2021-09-07
360,Andrew Moses,cbrooks@example.org,"43679 Samantha River Apt. 385 South Jefferyport, ID 72473",2021-07-06
361,Wanda Guzman,williamburke@example.org,"412 Tran Knolls West Brianside, VA 12070",2023-12-06
362,Ruben Farmer,npalmer@example.net,"36898 Daniel Stravenue Suite 625 Donaldfort, IA 05701",2024-05-15
363,Daniel Rollins,brookskayla@example.net,"69508 Young Extensions Lake Hannahport, MT 51177",2022-10-18
364,Tracey Davis,peter11@example.net,"68790 Lydia Plaza Apt. 413 West Johnstad, PA 98505",2024-05-23
365,Jessica Rodriguez,lrodriguez@example.org,"9614 Dawson Via North Christina, IL 24888",2022-04-19
366,Joseph Brock,kyle78@example.net,"246 Sandra Streets Suite 470 West Raymond, MP 11755",2022-09-21
367,Kari Payne MD,deborahnewman@example.org,"3274 Monique Haven Foleyton, MI 36849",2024-07-28
368,Catherine Hill,egreen@example.com,"162 Carlos Ports North Sergio, PR 60011",2020-09-14
369,Timothy Davis,davidcameron@example.net,"53341 Kristen Grove Apt. 720 Port Andrew, OK 15348",2020-10-14
370,Alex Gonzalez,connor95@example.net,"451 Theresa Summit Apt. 935 Andersonton, IL 63691",2020-11-17
371,Robert Smith,stoutkaren@example.com,"0395 Megan Mount Suite 725 Lake Douglas, DC 60231",2021-11-25
372,Jessica Case,monroeterri@example.com,"34599 Jocelyn Greens Loriview, ME 36370",2021-01-26
373,Sara Carrillo,cristinatran@example.net,"30280 Davis Flat Apt. 719 Harrisfort, MI 53363",2021-05-21
374,Kristine Fischer,iross@example.com,"97846 Odonnell Extensions Michelleville, WA 92865",2022-08-21
375,Christian Young,rojasclayton@example.org,"7691 Brown Forges Shelbychester, KS 88648",2024-04-05
376,Jose Farrell,wsawyer@example.com,"536 Jennifer Lodge East Kaylaberg, VI 87863",2024-09-24
377,Cassandra Wood,kim07@example.org,"545 Thomas Way Kellyside, IL 33618",2020-02-07
378,Nicholas Harris,uboone@example.net,"639 Brandon Islands Apt. 673 East Andrewburgh, SC 02664",2022-09-15
379,Maurice Vaughn,igarza@example.net,"89247 Heather Shoals Suite 083 North Danafort, FM 32247",2024-10-08
380,Shannon Hoffman,brent95@example.org,"PSC 4609, Box 3269 APO AA 99153",2022-12-29
381,Rachel James,juanbowman@example.org,"37380 Brian Falls Apt. 859 Dianastad, MI 71066",2021-08-02
382,Jillian Humphrey,rita15@example.org,"75832 Jones Trafficway Suite 374 Anthonyfurt, NH 79933",2020-12-05
383,Brian Nguyen,kristi45@example.net,"2917 Thompson Shoal Apt. 227 Andreaburgh, KS 15607",2020-05-20
384,Debra Williams,stephen62@example.org,"03567 Turner Ramp Suite 667 Garciaburgh, OH 92744",2024-04-26
385,Seth Knox,bradyryan@example.com,"68824 Kristen Inlet Josephstad, ID 58532",2024-06-12
386,Andrew Diaz,nicholas80@example.com,"37277 Rodney Island Suite 932 Port Deniseville, VI 26223",2021-01-18
387,Jeffrey Johnson,morrismelissa@example.net,"445 Carol Lights Port Ashley, MP 41583",2021-07-23
388,Sharon Gonzales,ryan86@example.net,"7807 Jose Row Apt. 156 Ericville, NE 08994",2022-08-12
389,Diane Osborne,christina33@example.org,"119 David Lodge Suite 691 Angelatown, FM 55474",2023-09-05
390,Aaron Brown,rcortez@example.org,"038 Tiffany Garden Suite 191 Davisburgh, MT 99351",2023-07-14
391,David Williamson,qhurst@example.net,"1851 Maureen Well East Jefferybury, NJ 00842",2023-02-08
392,Megan Hahn,scottcook@example.com,"6788 Megan Crossroad Suite 853 Nelsonchester, DC 57301",2021-11-28
393,David Miller,audreyvasquez@example.org,"322 David Mission Kellyburgh, NM 27183",2023-07-13
394,Steven Martin,codyperez@example.com,"8942 King Street Suite 888 New Nathanielborough, WA 95628",2023-08-15
395,Donald Franklin,jeff87@example.com,Unit 0416 Box 2178 DPO AP 75421,2023-07-24
396,Denise Brooks,benjamin46@example.net,"22808 Benitez Trail North Cheryl, OK 87045",2021-03-17
397,Sherry Foster MD,christophermoore@example.com,"924 Wayne Road Port Lauren, VT 18394",2022-05-25
398,Matthew Diaz,krichardson@example.net,USS Russell FPO AE 38860,2024-07-17
399,Rachael Jordan,valerielopez@example.com,"30844 Silva Via Suite 227 Port Matthew, AK 35228",2021-12-01
400,Kristi Anderson,williamsjennifer@example.net,"80208 Hernandez Route North Sarahfurt, SC 02375",2024-06-28
401,Robert White,walterthomas@example.net,"62069 Bell Square North Nicholas, PA 94854",2021-12-18
402,Christine Martin,megan71@example.com,"74955 Davis Squares West Richardmouth, PR 87481",2021-10-30
403,Teresa Mcgee,frush@example.com,"126 Brown Passage West Josephstad, NC 17966",2022-03-25
404,Cody White,kruegersandra@example.org,"38530 Evans Drive Burnsmouth, UT 05197",2020-03-20
405,Susan Jones,ashley60@example.org,"46011 Yates Valleys Suite 269 Laurahaven, AS 82519",2022-01-26
406,Robert Martinez,chad02@example.com,"4447 Miller Freeway Suite 089 North Courtney, FL 39488",2022-08-27
407,Anthony Wright,zmeza@example.org,"674 Salinas Estate South Robert, IL 08013",2022-08-30
408,Brandon Arnold,williamnewman@example.net,"796 Kelli Mount Apt. 948 North Ashleymouth, NY 77670",2021-01-17
409,Rodney Owen,jlin@example.net,"9415 Bell Creek Port Jeffreymouth, MD 07576",2024-08-18
410,Julia Sutton,nixonantonio@example.com,"896 Frederick Summit Port Christopher, LA 74264",2020-12-02
411,Lawrence Friedman,kelseythomas@example.com,"1120 Andrea Lane Apt. 527 Port Bruce, FL 30699",2020-08-03
412,Holly Olson,chelseymiller@example.net,"1087 Parrish Underpass Suite 783 West Toddville, OR 97324",2020-05-18
413,Kevin Wilson,wcontreras@example.com,"615 Lori Path Suite 175 Goodmanborough, FM 34971",2020-12-10
414,Michael Clark,ethomas@example.net,"4681 Carrillo Shores Suite 612 Lake Susan, ME 01035",2020-12-23
415,Scott Caldwell,ualvarado@example.com,USNS Rice FPO AA 71701,2022-08-24
416,Natalie Smith,larsonjohn@example.com,"3665 Salazar Summit Suite 590 Davisland, NV 78125",2024-04-22
417,Jennifer Evans,christopher92@example.com,"45715 Estrada Track Newtonside, AL 64047",2020-06-05
418,Tammy Rowe,shawnherrera@example.net,"8689 Peggy Overpass New Tiffany, PR 53468",2024-04-01
419,Stephen Wilson,whitejennifer@example.org,"6857 William Street Markport, NC 70729",2020-10-03
420,Andrea Kelly,thomaskristin@example.net,"82596 Brent Road Suite 288 Smithville, AK 15942",2022-10-30
421,Lauren Murillo,adamsdawn@example.org,USS Kirk FPO AA 11730,2024-09-04
422,Robert Torres,connerariana@example.net,USCGC Smith FPO AA 24264,2021-12-12
423,Brenda Gonzalez,matthewsmith@example.net,"471 Jesus Shoals Suite 792 Ericamouth, KY 14295",2024-01-19
424,Nathan Thompson,jesus60@example.org,"0641 Benjamin Lakes Apt. 901 New George, PW 53606",2023-04-15
425,Cody Cobb,cannonjeremy@example.org,"99337 Timothy Street Apt. 325 North Carrieside, NH 81900",2023-06-15
426,Jennifer Rubio,ryan03@example.com,"66788 Lisa Crest Apt. 730 South Dana, WV 91985",2020-10-28
427,Colleen Cummings,jorgeblair@example.net,"0701 Ford Key Lake Emily, DE 50672",2023-10-01
428,Krista Johnson DDS,dunnjames@example.com,"38471 Mary Vista Suite 383 Smithfort, WA 19520",2023-11-28
429,Elizabeth Chaney,eric74@example.net,"PSC 6296, Box 0795 APO AP 52059",2023-11-18
430,David Herrera,qnichols@example.org,"0671 Kayla Glens Garzafort, DC 81948",2020-02-07
431,Beth Todd,edwardedwards@example.com,"25155 Jonathan Turnpike Lefurt, OR 67034",2024-07-28
432,Melanie Perez,zgarcia@example.com,"88873 Armstrong Light Julieville, AL 11506",2023-04-28
433,Richard Burns,christopher35@example.net,"0822 Amanda Ports Apt. 620 Lynchton, ME 75926",2020-12-30
434,Vanessa Alexander,justin12@example.net,"33625 Martinez Row South Angelica, WY 80830",2023-05-17
435,Christopher Murphy,ronald22@example.net,"8313 Gregg Underpass Suite 048 South Brian, IN 93927",2023-04-10
436,Brian Johnson,dlopez@example.com,"5081 Fletcher Springs Apt. 672 Lake Maryville, MD 90581",2024-02-05
437,Amanda Williams,kramerroger@example.net,"94095 Smith Trail Apt. 487 Meganmouth, VI 53419",2021-05-08
438,Rita Khan,geraldlewis@example.net,"104 Turner Village Perezfort, GU 68882",2024-09-13
439,Jonathan Roberts,edward36@example.org,"6237 Michael Island Suite 953 Scottberg, MT 70934",2022-04-02
440,Brandon Dixon,kristinkelly@example.org,"7993 Larson Fields Suite 870 Port Sarah, NH 53483",2022-05-12
441,Patricia Gonzales,mramirez@example.com,"427 Melissa Wall Suite 014 East Ashleechester, NY 82813",2024-01-26
442,Jerry Decker,qking@example.com,"60860 Leslie Mall Suite 777 Hunttown, NE 53352",2021-06-13
443,Ann Jones,danawilliams@example.org,"44676 Margaret Shoal Jorgehaven, CO 09972",2021-11-24
444,Ryan Yates,coryyoung@example.com,"416 Spencer Tunnel Apt. 480 Marcside, NC 13555",2022-04-07
445,Holly Cabrera,ljackson@example.org,"98467 Shawn Rapids Apt. 994 Lake Josephton, MS 72122",2020-11-20
446,Danielle Frye,zalvarado@example.com,"963 Molly Burg New Heather, ID 43790",2021-05-02
447,Shannon Todd,kellercourtney@example.net,"152 Tracy Plaza Apt. 786 West Dorothyshire, ND 63358",2021-07-01
448,Darius Mcknight,monique32@example.com,"0657 Riley Shoal Apt. 656 South Whitneyside, ME 98209",2020-12-04
449,Gregory Gaines,kholt@example.net,"444 Mary Roads Suite 657 Cervantesfurt, MD 67639",2021-01-22
450,Sandra Riley,qboyd@example.net,USS Torres FPO AA 56861,2021-04-02
451,Megan Hale,alec12@example.com,"2008 Long Grove Robertland, WI 46511",2024-07-18
452,James Barber,thomasvincent@example.com,"25534 Garcia Creek South Davidhaven, CO 53765",2020-06-16
453,Jenna Thomas,heidiwatson@example.com,"7160 Martin Port Apt. 621 Colemanbury, ME 80561",2021-11-24
454,Christopher Brooks,gavinsmith@example.net,"818 Tammy Landing Lewisview, NY 14281",2023-12-14
455,Katherine Brown DDS,lindsey17@example.org,"789 Conrad Summit Apt. 760 Port Erichaven, NC 09127",2024-09-05
456,Kristy Smith,olsonmonica@example.net,USCGC Espinoza FPO AA 44418,2020-04-23
457,Mr. Mark Walton,qbrown@example.net,"4319 Hannah Junction East Michaelburgh, CT 55491",2022-03-10
458,Thomas Santiago,wgoodman@example.com,USNV Rodriguez FPO AA 71382,2023-10-13
459,David Robbins,lthompson@example.net,"09382 Thomas Court Apt. 938 Nicoleton, ME 20391",2021-09-11
460,Tracy Brown,jordan53@example.com,"94882 Danielle Stream Timothystad, NY 32466",2020-06-14
461,Teresa Petersen,kelly09@example.net,"95289 Brown Drive Mcmahonville, NY 38749",2022-07-17
462,Robert Archer,dicksonjames@example.net,"273 Bryan Street East Danielleborough, CT 51562",2020-02-28
463,Darius Thompson,daniellynn@example.com,"10011 Shawn Fall Apt. 698 Andersonbury, AR 04779",2021-12-30
464,Natalie Hancock,ronaldross@example.net,"36534 Stephanie Ridge Apt. 427 Kellytown, MS 75529",2020-09-19
465,Eric Holland,sheltonjason@example.com,"467 May Tunnel Suite 226 Josephmouth, WV 82633",2024-08-02
466,Joshua Bradley,odennis@example.org,"373 Berg Causeway Apt. 956 Lake Erikachester, SD 17092",2021-07-16
467,Alexander Ward,emartinez@example.com,"67282 Barnes Park Jonathanshire, IA 20150",2021-03-20
468,Michael Gay,george05@example.org,"PSC 5255, Box 4173 APO AA 21098",2023-06-04
469,Joshua Gibbs,csmith@example.com,"228 Brent Streets Suite 632 East Stephen, TN 34610",2020-10-30
470,Denise Johnson,danielleclark@example.com,Unit 3090 Box 7981 DPO AE 55587,2022-01-13
471,Suzanne Gonzalez,vpitts@example.net,"3010 Jessica Junction North Matthewview, AK 23751",2023-05-10
472,Margaret Osborne,vweber@example.net,"PSC 8113, Box 1010 APO AE 94281",2023-07-13
473,Caroline Schneider,nicholas32@example.org,"623 Armstrong Station Suite 008 West Justinport, MS 58035",2022-12-09
474,Angela Allen,zlopez@example.net,"360 Nicholas Pine Medinatown, NV 39784",2023-01-05
475,Becky Cooper,fjohnson@example.com,"3090 Smith Wall Riddleville, OK 81243",2021-07-24
476,Amy Porter,steven58@example.com,"3828 Lynch Causeway Apt. 904 Youngside, GA 09991",2020-01-20
477,Tyler Harrison,hernandezbrett@example.com,"0480 Michael Lake Suite 668 Port Diane, MT 91401",2024-02-06
478,Alyssa Murphy,belltimothy@example.org,"24281 Kelsey Spring Suite 423 Morganburgh, VA 08698",2022-07-27
479,Linda Perez,cynthia60@example.com,"572 Adams Orchard Lambview, NM 65819",2024-08-27
480,Allen Hampton,sandra12@example.com,"53455 Stevenson Estate Connieshire, VI 53651",2020-08-07
481,Benjamin Lynch,smithfrank@example.org,"7360 Bryan Well Suite 430 Olivermouth, WV 22333",2021-11-30
482,Craig Ferguson,guerreroemily@example.org,"579 Taylor Ranch New Randallland, FL 93279",2022-11-19
483,Mr. Patrick Romero,stewarttimothy@example.org,"81048 Carmen Ports Suite 474 Lisahaven, ND 86444",2024-07-28
484,Melanie Smith,williamspaul@example.net,"19096 Torres Point Suite 495 North Terranceborough, RI 73262",2024-01-24
485,Robert Mckenzie,robertbender@example.org,"68758 Daniel Ports Debrastad, MN 85923",2021-11-05
486,Samantha Delacruz,howardmary@example.net,"6659 Elijah Trail Taylorborough, RI 23554",2022-06-15
487,Julia Jones,ronniecarter@example.net,"70731 Freeman Track Apt. 544 Emilyside, GA 86112",2022-01-05
488,Charles Cain,samuel56@example.org,"4883 Young Path Apt. 796 Port Tinachester, NM 12781",2022-08-16
489,Amy Howard,wpalmer@example.com,"58492 Martinez Underpass Suite 200 Lauraburgh, MT 13440",2022-08-12
490,Katelyn Miller,kevin05@example.org,"7555 Jessica Crossroad Apt. 725 Griffithview, IA 04969",2022-06-21
491,Dana Garcia,wanderson@example.com,"290 Mckenzie Freeway South Thomas, PW 05115",2020-01-13
492,Stephen Dunn,donald50@example.org,"53259 Lori Mountain East Kevinmouth, HI 73656",2022-06-18
493,Lisa Perkins,moorejessica@example.com,"74050 Kane Meadow Jenniferhaven, AS 52293",2024-05-03
494,Erik Wheeler,raven22@example.org,"1917 Jared Locks Sherritown, LA 49621",2020-01-15
495,Christine Gardner,davismaria@example.net,"18169 Bauer Plaza Matashire, WA 25475",2023-05-20
496,Brandon Davis,nicolebenton@example.org,"PSC 4791, Box 8155 APO AE 74572",2022-05-25
497,Brian Mcdaniel Jr.,rachelmalone@example.net,"4500 Jon Passage Suite 809 West Sarahmouth, WA 83429",2021-02-28
498,Susan Phelps,umorris@example.com,"45132 Gross Road Apt. 239 Tylerbury, TN 92506",2023-09-12
499,Melanie Golden,lwilson@example.com,"6199 Anthony Mountains Jeffreymouth, SD 47269",2021-10-01
500,Eugene Leonard,qgreen@example.org,"709 Melissa Ridges East Amy, TN 07670",2021-05-24
